       0
       0
       0
       0
       0
       0
       0
       0
       0
       0
       0
       0
       0
       0
       0
       0
       0
       0
       0
       0
       0
       0
     370
   11199
   13322
   13525
   12782
   11224
    9109
    6633
    4880
    3410
    2665
    2495
    2706
    3036
    3740
    4569
    5671
    6634
    8034
    9486
   11401
   13884
   18430
   24398
   33049
   42905
   52086
   59533
   62028
   59851
   53615
   43688
   33043
   23035
   15272
    9739
    6098
    4111
    3041
    2576
    2314
    2201
    2188
    2130
    2173
    2152
    2031
    2098
    2081
    1966
    1999
    2003
    2003
    1955
    1926
    1915
    1917
    1884
    1944
    1868
    1842
    1874
    1787
    1816
    1738
    1770
    1765
    1745
    1677
    1702
    1731
    1658
    1639
    1601
    1612
    1594
    1554
    1536
    1505
    1464
    1458
    1373
    1409
    1348
    1274
    1283
    1177
    1215
    1225
    1217
    1204
    1173
    1127
    1119
    1222
    1109
    1085
    1119
    1103
    1046
    1006
     998
     986
    1038
     956
     972
    1016
     973
    1002
     972
     927
     945
     875
     907
     860
     852
     923
     874
     890
     843
     857
     848
     826
     792
     771
     810
     806
     808
     845
     801
     786
     727
     722
     756
     667
     647
     723
     687
     686
     675
     682
     634
     669
     596
     667
     653
     646
     576
     644
     651
     621
     629
     585
     584
     578
     557
     580
     566
     534
     561
     535
     476
     469
     515
     471
     454
     466
     414
     457
     489
     444
     447
     403
     450
     407
     446
     436
     388
     423
     390
     368
     407
     382
     376
     380
     396
     394
     363
     398
     390
     380
     357
     363
     365
     345
     358
     363
     304
     344
     337
     350
     331
     331
     309
     322
     306
     286
     323
     341
     329
     282
     307
     273
     274
     278
     284
     299
     288
     302
     297
     268
     298
     279
     277
     276
     277
     291
     254
     284
     267
     269
     248
     278
     253
     266
     248
     241
     241
     245
     261
     245
     234
     211
     256
     233
     220
     233
     214
     237
     224
     240
     206
     214
     207
     198
     217
     180
     229
     181
     208
     203
     205
     207
     196
     195
     185
     202
     177
     195
     178
     172
     182
     179
     163
     164
     170
     193
     185
     182
     181
     172
     153
     165
     185
     182
     181
     191
     155
     174
     130
     164
     171
     155
     145
     162
     156
     168
     164
     165
     167
     143
     162
     139
     143
     127
     157
     140
     144
     146
     151
     128
     151
     137
     147
     145
     119
     125
     144
     141
     138
     130
     143
     130
     113
     157
     153
     152
     151
     140
     145
     120
     141
     141
     135
     115
     126
     141
     122
     121
     128
     141
     126
     142
     132
     120
     141
     138
     108
     130
     142
     124
     114
     117
     105
     118
     124
     104
     113
     111
     125
     122
     109
     118
     128
     140
     115
     123
     112
     133
     129
     128
     132
     117
     132
     117
     129
     109
     125
     131
     124
     141
     126
     141
     139
     118
     135
     127
     150
     144
     120
     138
     138
     142
     154
     111
     111
     110
     130
     142
     135
     127
     147
     140
     114
     111
     137
     141
     124
     144
     125
     123
     145
     144
     139
     140
     145
     135
     125
     149
     120
     127
     127
     122
     142
     119
     144
     120
     154
     154
     144
     117
     116
     137
     147
     170
     142
     142
     143
     143
     126
     130
     149
     128
     127
     129
     130
     102
     131
     132
     115
     141
     129
     153
     124
     130
     112
     131
     125
     113
     132
     104
      98
     112
     126
     103
     116
     103
      91
      90
      86
      80
      80
      93
      96
      83
      75
      76
      82
      68
      75
      72
      64
      92
      78
      59
      67
      71
      62
      57
      95
      63
      68
      56
      70
      66
      65
      68
      58
      63
      62
      59
      78
      66
      63
      51
      59
      59
      61
      63
      65
      65
      51
      75
      64
      45
      53
      55
      54
      45
      51
      60
      51
      50
      51
      51
      51
      50
      57
      43
      56
      56
      49
      47
      44
      58
      53
      58
      47
      62
      52
      53
      43
      47
      49
      49
      52
      35
      45
      55
      36
      43
      46
      37
      42
      54
      45
      36
      35
      51
      47
      38
      41
      46
      43
      48
      39
      51
      51
      46
      47
      43
      36
      36
      42
      45
      56
      48
      49
      42
      49
      41
      45
      56
      35
      35
      34
      57
      48
      38
      29
      39
      36
      50
      36
      41
      40
      44
      36
      36
      42
      40
      44
      54
      36
      37
      35
      49
      39
      34
      42
      48
      43
      46
      52
      46
      40
      41
      37
      46
      62
      46
      41
      51
      39
      32
      39
      46
      48
      31
      45
      51
      42
      40
      41
      46
      39
      29
      47
      28
      24
      32
      37
      40
      40
      49
      29
      36
      30
      36
      40
      33
      34
      37
      27
      40
      45
      45
      48
      40
      31
      31
      34
      26
      35
      40
      43
      24
      36
      30
      32
      27
      44
      39
      26
      29
      32
      29
      18
      31
      26
      32
      29
      34
      25
      28
      32
      32
      22
      31
      23
      31
      35
      32
      24
      25
      35
      24
      30
      21
      24
      21
      27
      26
      19
      31
      31
      30
      29
      22
      28
      24
      24
      27
      40
      30
      23
      31
      28
      39
      28
      31
      31
      27
      20
      27
      32
      29
      19
      23
      23
      30
      34
      33
      24
      38
      25
      26
      22
      34
      24
      24
      32
      26
      26
      21
      27
      27
      35
      32
      34
      27
      26
      20
      30
      28
      25
      23
      27
      29
      21
      33
      30
      31
      25
      17
      23
      28
      23
      19
      24
      27
      17
      28
      25
      16
      30
      18
      30
      29
      23
      23
      17
      18
      22
      23
      22
      22
      29
      29
      29
      24
      28
      23
      12
      22
      18
      21
      16
      27
      26
      18
      14
      25
      20
      27
      19
      23
      20
      30
      20
      24
      18
      23
      24
      24
      17
      13
      17
      24
      15
      23
      20
      16
      19
      18
      12
      31
      19
      17
      21
      21
      21
      23
      18
      14
      15
      20
      15
      34
      14
      13
      18
      19
      16
      19
      24
      12
      20
      22
      18
      18
      12
      19
      18
      16
      17
      21
      16
      18
      20
      23
      17
      21
      20
      16
      18
      18
      21
      15
      21
      14
      13
      14
      22
      15
      10
      19
      16
      13
      23
      17
      16
      20
      14
       9
      22
      18
      27
      15
      12
      23
      20
      20
      11
      14
      18
      12
      17
      19
      16
      22
      16
      21
      16
      13
      14
      26
      18
      14
      21
      16
      25
      17
      19
      17
       6
      12
      22
      21
      18
      23
      18
      20
      20
      19
      32
      21
      14
      24
      20
      26
      22
      22
      25
      23
      26
      12
      24
      19
      17
      21
      22
      28
      20
      31
      20
      19
      34
      26
      25
      24
      35
      20
      25
      27
      35
      38
      42
      26
      21
      36
      35
      38
      21
      29
      33
      33
      28
      29
      25
      33
      29
      27
      31
      34
      33
      25
      32
      34
      30
      31
      36
      33
      36
      22
      25
      30
      39
      24
      32
      37
      43
      28
      35
      30
      27
      32
      29
      20
      28
      31
      33
      39
      28
      19
      28
      29
      23
      21
      32
      18
      21
      22
      26
      15
      23
      16
      17
      24
      19
      16
      15
      19
      23
      12
      18
      15
      16
       8
      16
      14
      14
      13
      12
      12
      13
       8
      11
      17
      16
      19
      17
      14
      13
       7
      16
       8
      15
      12
      14
       8
       7
       7
      12
      15
      11
      10
      13
      13
      10
      14
       5
      16
      12
      15
       4
      10
       4
      10
       7
       7
       6
       6
       4
      11
       6
       7
       6
       9
      10
      10
       7
       8
       4
       6
       4
      11
      12
       7
       7
       9
       8
       5
       4
       1
       8
       8
      11
       7
       5
       4
      12
       7
       7
       7
      12
       8
      10
       9
       4
       5
       8
      10
       4
       8
      10
       5
       6
       6
      12
      13
      13
       7
       5
       7
       6
       6
       6
       3
       8
       9
       6
      10
       6
       5
       2
       8
      13
       7
       4
       4
       4
       9
       9
       7
       6
       6
       7
       6
       9
       6
       6
       5
       5
       4
       8
       8
       8
       8
       3
       6
       8
      14
       3
       7
      10
       6
       6
       3
       4
       3
       8
       6
      11
      10
      12
       7
       7
       2
      13
       5
       8
       8
       3
      10
       6
       8
      14
       2
       5
       7
       8
       2
      11
       7
       4
       6
       6
       6
       8
      12
       7
       5
       6
       9
       7
       7
      10
      10
       9
       7
       6
      10
       7
       7
       4
       6
       5
       3
       3
       7
       3
       2
      12
       3
       5
       6
       4
       1
       7
       4
      10
       3
       3
       4
       8
       6
       6
       5
       3
       6
       6
       3
       3
       9
       3
       2
       2
       3
       4
       6
       6
       2
       6
       7
       2
       3
       5
       3
       4
       3
       1
       2
       5
       2
       4
       2
       8
       3
       2
       6
       3
       3
       5
       5
       7
       5
       2
       2
       1
       3
       1
       4
       9
       6
       6
       3
       5
       2
       4
       4
       7
       2
       1
       5
       2
       5
       1
       4
       2
       3
       3
       3
       4
       1
       4
       7
       6
       4
       4
       4
       4
       2
       6
       3
       2
       4
       1
       2
       4
       1
       2
       6
       6
       2
       4
       5
       7
       0
       0
       3
       3
       5
       5
       5
       2
       3
       6
       6
       2
       3
       6
       1
       5
       4
       3
       3
       3
       5
       5
       3
       3
       2
       3
       3
       3
       3
       3
       3
       3
       1
       4
       5
       3
       5
       3
       3
       4
       5
       2
       5
       5
       2
       4
       4
       1
       9
       3
       3
       3
       4
       2
       4
       2
       4
       3
       1
       4
       5
       1
       7
       2
       5
       4
       3
       3
       3
       7
       1
       4
       3
      10
       2
       4
       4
       7
       3
       5
       3
       1
       6
       3
       2
       2
       3
       1
       2
       6
       1
       5
       5
       2
       1
       3
      11
       2
       4
       3
       3
       7
       5
       4
       6
       2
       4
       5
       3
       3
       2
       3
       4
       2
       5
       3
       5
       3
       4
       3
       2
       2
       9
       2
       1
       1
       3
       4
       1
       7
       3
       5
       5
       2
       4
       6
       6
       3
       2
       2
       3
       2
       4
       3
       4
       4
       7
       4
       3
       3
       2
       7
       7
       2
       2
       5
       1
       6
       2
       4
       2
       3
       2
       2
       4
       3
       2
       2
       9
       2
       3
       7
       3
       4
       5
       0
       4
       0
       2
       5
       4
       4
       2
       3
       1
       4
       5
       3
       4
       2
       4
       3
       2
       8
       2
       5
       2
       4
       0
       0
       3
       2
       2
       3
       6
       3
       3
       2
       2
       0
       5
       3
       3
       3
       2
       3
       4
       5
       2
       7
       4
       1
       2
       5
       5
       2
       2
       2
       2
       1
       2
       0
       1
       2
       6
       1
       5
       1
       0
       6
       1
       1
       1
       3
       3
       2
       3
       0
       4
       3
       4
       3
       4
       2
       1
       1
       1
       3
       1
       3
       1
       1
       2
       2
       4
       1
       3
       1
       1
       1
       1
       5
       1
       2
       3
       2
       1
       0
       1
       1
       0
       2
       1
       3
       1
       3
       3
       2
       2
       2
       3
       0
       0
       0
       4
       3
       1
       2
       1
       1
       2
       2
       1
       1
       1
       1
       3
       1
       0
       2
       1
       3
       2
       7
       2
       1
       0
       2
       2
       1
       3
       1
       2
       2
       3
       2
       2
       1
       2
       4
       5
       3
       4
       4
       3
       2
       4
       4
       3
       1
       4
       1
       1
       3
       1
       2
       4
       0
       1
       2
       2
       2
       0
       2
       0
       3
       4
       1
       3
       3
       2
       1
       2
       1
       5
       1
       1
       3
       2
       3
       2
       0
       1
       4
       2
       5
       6
       3
       3
       1
       2
       3
       0
       4
       4
       6
       4
       2
       2
       4
       3
       2
       3
       2
       5
       3
       0
       3
       4
       6
       1
       4
       8
       3
       5
       2
       5
       0
       6
       3
       8
       2
       5
       5
       5
      10
       4
       7
       5
       2
       3
       3
       4
       2
       3
       5
       5
       4
       7
       8
       4
       2
       2
       2
       6
       7
       2
       3
       4
       3
       2
       5
       3
       6
       3
       1
       4
       3
       1
       3
       6
       6
       4
       2
       2
       2
       6
       2
       4
       7
       1
       4
       3
       3
       5
       4
       0
       5
       3
       3
       3
       1
       0
       3
       3
       1
       2
       3
       2
       2
       1
       1
       1
       1
       3
       2
       1
       3
       2
       2
       1
       2
       1
       1
       1
       0
       2
       0
       3
       2
       3
       0
       0
       1
       0
       0
       0
       1
       1
       1
       0
       3
       2
       1
       3
       0
       0
       1
       0
       0
       0
       1
       2
       0
       2
       1
       0
       3
       0
       1
       1
       1
       1
       1
       0
       0
       1
       1
       0
       0
       0
       1
       2
       2
       1
       0
       2
       0
       4
       0
       1
       0
       0
       0
       0
       1
       2
       0
       0
       1
       0
       0
       1
       1
       1
       0
       2
       0
       1
       0
       1
       0
       0
       0
       2
       0
       0
       0
       0
       0
       1
       0
       0
       4
       0
       0
       0
       0
       1
       1
       0
       1
       0
       1
       0
       0
       0
       1
       1
       0
       0
       1
       1
       0
       1
       1
       0
       1
       1
       1
       0
       0
       0
       0
       0
       0
       0
       0
       0
       2
       0
       0
       0
       0
       0
       0
       0
       0
       0
       1
       0
       0
       1
       0
       0
       0
       0
       0
       0
       0
       0
       0
       0
       0
       0
       0
       0
       0
       1
       0
       0
       1
       0
       0
       0
       0
       0
       2
       2
       0
       0
       0
       0
       0
       0
       1
       0
       2
       1
       0
       0
       1
       2
       2
       0
       0
       1
       1
       1
       1
       0
       0
       0
       0
       0
       0
       1
       1
       0
       0
       0
       0
       0
       1
       0
       0
       0
       0
