       0
       0
       0
       0
       0
       0
       0
       0
       0
       0
       0
       0
       0
       0
       0
       0
       2
       2
       3
       2
       0
       1
     700
   25712
   47447
   68047
   83159
   88441
   81627
   65607
   47886
   31690
   19836
   12039
    7274
    4721
    3480
    3221
    3302
    3557
    3952
    4639
    5080
    5527
    5879
    5898
    5922
    6017
    6096
    6488
    7088
    7414
    7836
    7939
    7865
    7489
    7094
    6920
    6997
    7474
    8580
   10267
   12687
   15964
   19005
   21694
   23559
   24613
   23986
   22114
   19277
   16113
   13049
    9944
    7548
    5861
    4734
    4064
    3535
    3263
    3151
    3150
    3051
    3172
    3252
    3444
    3669
    3950
    4019
    4507
    4741
    4997
    5243
    4980
    4931
    4779
    4470
    4136
    3805
    3427
    3020
    2789
    2746
    2682
    2574
    2438
    2452
    2372
    2411
    2429
    2452
    2309
    2458
    2543
    2449
    2514
    2565
    2572
    2596
    2639
    2571
    2628
    2635
    2610
    2635
    2484
    2461
    2522
    2539
    2433
    2394
    2344
    2356
    2187
    2295
    2245
    2164
    2115
    2068
    2053
    2033
    1984
    2083
    2004
    1953
    1916
    1961
    1971
    1813
    1903
    1842
    1800
    1784
    1793
    1689
    1786
    1757
    1650
    1585
    1550
    1548
    1550
    1542
    1464
    1481
    1430
    1443
    1358
    1415
    1428
    1366
    1310
    1426
    1338
    1358
    1334
    1308
    1287
    1273
    1311
    1260
    1207
    1132
    1229
    1202
    1141
    1218
    1198
    1229
    1177
    1282
    1353
    1344
    1414
    1500
    1518
    1563
    1672
    1827
    1851
    1994
    2049
    2084
    2304
    2355
    2389
    2424
    2547
    2770
    2744
    2798
    2839
    2938
    3048
    3265
    3252
    3342
    3528
    3618
    3725
    3843
    3821
    3925
    3874
    3995
    4030
    4049
    3938
    3938
    3901
    3735
    3736
    3565
    3492
    3443
    3272
    3408
    3249
    3178
    3192
    3256
    3392
    3543
    3612
    3772
    3972
    4351
    4659
    4844
    5423
    5676
    6256
    6363
    6891
    7283
    7499
    8147
    8246
    8506
    8819
    8913
    9066
    9119
    9190
    9135
    9021
    8974
    8723
    8607
    8393
    8276
    7705
    7462
    7391
    6987
    6565
    6398
    5981
    5666
    5480
    5147
    4864
    4718
    4670
    4257
    4360
    4134
    4112
    3799
    3710
    3544
    3474
    3244
    3123
    3045
    2939
    2686
    2581
    2544
    2278
    2198
    2051
    1946
    1770
    1720
    1642
    1520
    1428
    1420
    1302
    1265
    1257
    1264
    1127
    1249
    1152
    1159
    1190
    1144
    1105
    1144
    1132
    1156
    1194
    1171
    1104
    1142
    1181
    1104
    1017
    1014
    1012
     989
    1012
     919
     875
     866
     755
     754
     716
     660
     643
     592
     582
     528
     508
     540
     481
     387
     407
     396
     398
     369
     336
     324
     349
     287
     299
     271
     290
     277
     248
     236
     264
     225
     240
     241
     206
     221
     188
     189
     202
     185
     182
     144
     165
     182
     171
     145
     185
     180
     174
     145
     159
     169
     165
     138
     148
     156
     146
     143
     128
     149
     161
     132
     157
     134
     138
     142
     141
     135
     146
     126
     138
     160
     138
     132
     165
     125
     117
     121
     132
     140
     156
     159
     133
     142
     149
     139
     128
     132
     133
     123
     137
     130
     150
     147
     112
     128
     117
     154
     143
     139
     141
     113
     146
     146
     111
     142
     120
     123
     132
     135
     118
     129
     121
     118
     106
     124
     139
     130
     105
     120
     119
     113
     103
     111
     119
     107
     110
     108
     114
      94
      99
     128
      93
     113
     116
     115
     110
     104
     119
     113
     118
      98
     117
      98
      92
      91
      99
     103
     109
     115
     109
      99
     109
      92
      87
      79
     100
      88
     102
      83
      94
      95
      88
      77
      99
     106
      99
      87
     109
      81
      96
      94
     106
      88
      77
      88
      94
      82
      90
      96
      71
      94
      79
      91
      82
      75
      90
      67
      76
      85
      83
      84
      84
      69
      74
      80
      73
      55
      63
      67
      66
      76
      70
      64
      71
      75
      54
      78
      73
      83
      71
      71
      69
      70
      58
      72
      64
      65
      66
      66
      68
      57
      58
      57
      62
      61
      67
      57
      52
      57
      53
      59
      55
      59
      49
      45
      49
      51
      50
      56
      58
      51
      39
      41
      66
      55
      45
      48
      48
      53
      56
      47
      46
      47
      59
      58
      53
      38
      40
      66
      54
      52
      46
      45
      43
      40
      40
      38
      42
      42
      51
      54
      41
      50
      48
      56
      44
      40
      36
      50
      34
      50
      51
      38
      44
      42
      41
      50
      41
      39
      42
      44
      40
      42
      59
      43
      55
      52
      43
      49
      49
      54
      39
      38
      36
      43
      48
      42
      37
      36
      47
      43
      46
      38
      56
      40
      43
      45
      45
      42
      47
      41
      52
      52
      37
      47
      29
      51
      44
      38
      38
      39
      37
      46
      42
      35
      40
      49
      48
      37
      46
      39
      37
      40
      56
      34
      30
      30
      41
      41
      41
      39
      38
      38
      38
      34
      46
      39
      30
      39
      39
      26
      50
      29
      31
      31
      36
      35
      42
      36
      35
      50
      36
      27
      32
      25
      26
      29
      41
      35
      33
      47
      39
      34
      32
      24
      35
      32
      26
      29
      30
      35
      38
      34
      26
      34
      28
      33
      38
      25
      29
      22
      30
      35
      31
      26
      21
      25
      25
      35
      27
      26
      31
      29
      24
      23
      22
      30
      25
      27
      34
      30
      28
      39
      41
      34
      29
      20
      26
      33
      33
      28
      28
      26
      29
      24
      21
      25
      29
      24
      27
      34
      26
      28
      35
      26
      39
      35
      34
      32
      23
      32
      34
      27
      32
      29
      26
      26
      28
      26
      31
      23
      24
      25
      31
      27
      29
      30
      26
      27
      32
      27
      20
      30
      24
      27
      30
      21
      24
      15
      23
      34
      28
      26
      19
      32
      21
      33
      35
      25
      33
      29
      26
      23
      16
      21
      31
      20
      20
      25
      22
      24
      24
      15
      22
       9
      19
      31
      25
      16
      16
      18
      28
      20
      28
      19
      27
      23
      15
      18
      17
      19
      12
      16
      25
      17
      18
      15
      20
      24
      22
      21
      13
      17
      23
      13
      18
      14
      20
      17
      24
      20
      11
      24
      18
      17
      15
      17
      26
      17
      21
      16
      12
      15
      16
      17
      25
      18
      29
      13
      22
      16
      13
      27
      16
      11
       9
      14
      19
      25
      22
      22
      14
      16
      14
       8
      19
      14
      28
      15
      14
      19
      12
      18
      18
      14
      12
      20
      16
      14
      13
      17
      22
      15
       7
      13
      13
      15
      12
      18
      14
      10
      16
      16
      13
      13
      16
      12
      19
      19
      20
      19
      21
      16
      12
      16
      20
      22
      20
      24
      26
      24
      19
      26
      21
      24
      21
      19
      15
      23
      25
      20
      21
      21
      24
      27
      39
      20
      29
      31
      25
      22
      25
      26
      18
      25
      24
      24
      29
      38
      26
      25
      25
      20
      30
      31
      25
      28
      26
      33
      31
      31
      30
      27
      33
      33
      33
      30
      39
      28
      30
      26
      34
      33
      44
      33
      32
      45
      37
      31
      33
      40
      28
      39
      39
      27
      27
      24
      27
      24
      31
      25
      27
      32
      31
      36
      31
      29
      28
      23
      28
      24
      24
      24
      28
      26
      22
      26
      22
      22
      25
      28
      16
      22
      26
      13
      25
      22
      19
      18
      20
      12
      17
      11
      11
      17
      21
      15
      22
      17
      17
      13
      20
      14
       8
      16
      10
      13
       8
      12
      22
      17
      10
      18
      13
      10
      15
      13
      12
      10
      11
       4
      10
      15
      11
       8
      11
       9
       5
       8
       6
       8
      11
      10
      10
       8
       8
      11
       9
      10
      12
       7
       8
      16
      11
       6
       8
       8
       9
      10
      11
      10
      11
      10
       9
      10
       5
      10
       7
       8
       4
       8
       9
       4
       9
       7
       9
      10
       9
       8
       8
      10
       8
       5
      10
       9
       5
       6
      10
       5
       7
      10
       8
       7
       6
      10
       5
       6
       6
       4
       6
       7
       7
       6
      11
       3
       8
       3
       8
       7
       6
       6
       8
       4
      10
      12
       7
       7
      11
       5
       5
       9
       2
      12
      10
      10
       7
       8
       3
       4
       8
       6
      10
       7
       8
      11
      10
      12
       8
       4
       6
       6
       9
       4
       1
       7
       7
       7
      12
      12
       2
       9
       6
       4
       5
       7
       6
       7
       5
      14
       3
       7
       8
       7
       7
       6
       7
       4
       6
       3
       6
       5
       3
       8
       8
       6
      10
       7
       5
       7
       6
       7
       9
       4
       9
       5
       4
       6
       3
       5
       6
       7
       3
       5
       3
       6
       6
       4
       8
       5
      10
       7
       5
       0
       4
       4
       1
       4
      12
       3
       3
       6
       3
       3
       3
       2
       6
       5
       8
       7
       8
       6
       7
       9
       3
       3
       6
       9
       6
       4
       4
       5
       2
       5
       4
       3
       2
       3
       6
       1
       4
       6
       8
       5
       3
       3
       5
       5
       5
       6
       5
       6
       2
       6
       5
       4
       4
       4
       7
       3
       2
       5
       2
       3
       2
       3
       4
       7
       4
       3
       3
       3
       4
       6
       4
       2
       5
       3
       3
       3
       5
       0
       3
       5
       4
       0
       4
       5
       4
       4
       2
       4
       4
       1
       5
       3
       4
       3
       1
       0
       4
       2
       2
       3
       3
       4
       6
       6
       2
       3
       6
       3
       1
       5
       4
       2
       3
       4
       1
       3
       4
       3
       6
       6
       4
       4
       4
       2
       3
       1
       4
       4
       6
       2
       3
       6
       3
       1
       3
       1
       5
       2
       2
       3
       6
       2
       3
       2
       6
       4
       4
       3
       4
       3
       0
       5
       4
       5
       3
       6
       8
       3
       3
       3
       3
       1
       3
       8
       1
       2
       3
       1
       7
       8
       1
       3
       6
       6
       6
       3
       8
       1
       4
       1
       5
       2
       2
       3
       6
       1
       6
       1
       3
       3
       2
       2
       3
       2
       5
       7
       3
       3
       6
       2
       5
       5
       3
       3
       8
       3
       3
       3
      10
       3
       4
       6
       4
       1
       2
       2
       5
       3
       2
       2
       2
       9
       6
       3
       8
       1
       4
       3
       4
       6
       5
       2
       2
       3
       2
       5
       3
       5
       7
       2
       2
       2
       6
       3
       3
       2
       6
       1
       7
       5
       5
       3
       4
       5
       8
       4
       4
       5
       7
       3
       2
       4
       2
       6
       2
       4
       6
       1
       1
       2
       3
       6
       3
       2
       2
       5
       3
       2
       1
       3
       3
       3
       3
       3
       3
       0
       4
       7
       6
       2
       1
       2
       2
       1
       2
       6
       5
       5
       3
       2
       3
       0
       5
       4
       1
       5
       2
       4
       0
       2
       2
       3
       5
       2
       2
       2
       2
       4
       4
       6
       5
       5
       0
       3
       4
       6
       1
       3
       2
       4
       2
       2
       4
       2
       1
       2
       7
       1
       4
       4
       3
       0
       3
       2
       5
       0
       0
       2
       1
       3
       2
       4
       2
       1
       2
       3
       1
       1
       1
       1
       4
       2
       0
       3
       2
       2
       4
       1
       1
       4
       2
       2
       2
       3
       1
       1
       4
       1
       4
       2
       1
       2
       1
       1
       4
       0
       2
       2
       1
       3
       5
       0
       2
       1
       3
       4
       2
       3
       1
       1
       1
       2
       3
       3
       2
       0
       5
       1
       1
       3
       3
       1
       3
       5
       1
       3
       2
       2
       2
       2
       1
       1
       3
       1
       1
       2
       2
       3
       7
       3
       2
       0
       2
       1
       3
       3
       3
       0
       1
       1
       0
       0
       3
       6
       1
       5
       3
       3
       1
       0
       2
       2
       5
       2
       2
       3
       4
       3
       1
       0
       3
       0
       3
       1
       0
       2
       3
       3
       1
       1
       9
       3
       2
       5
       4
       2
       1
       0
       2
       2
       1
       8
       4
       1
       3
       3
       0
       0
       8
       4
       4
       3
       1
       1
       6
       0
       4
       3
       6
       3
       3
       2
       4
       2
       3
       4
       3
       3
       3
       1
       3
       1
       2
       6
       3
       5
       3
       7
       8
       1
       2
       6
       4
       3
       2
       3
       4
       5
       4
       2
       3
       3
       0
       8
       4
       3
       4
       5
       7
       2
       1
       6
       3
       3
       4
       5
       3
       3
       3
       2
       1
       5
       3
       4
       4
       2
       4
       3
       3
       2
       3
       6
       2
       4
       4
       4
       2
       0
       1
       3
       4
       0
       1
       7
       1
       3
       3
       4
       6
       4
       1
       1
       1
       1
       2
       0
       3
       5
       1
       1
       0
       2
       3
       1
       0
       1
       3
       1
       1
       2
       0
       2
       0
       3
       0
       2
       2
       0
       1
       3
       4
       0
       1
       1
       2
       1
       1
       1
       1
       0
       0
       1
       0
       1
       0
       2
       3
       0
       2
       1
       1
       1
       1
       3
       0
       0
       0
       0
       1
       0
       2
       0
       0
       0
       1
       1
       1
       0
       0
       0
       0
       0
       0
       0
       1
       1
       2
       1
       1
       2
       0
       1
       0
       0
       0
       0
       1
       0
       0
       2
       1
       0
       1
       1
       2
       0
       1
       1
       0
       0
       1
       0
       0
       1
       1
       1
       0
       0
       1
       1
       0
       1
       0
       0
       0
       0
       0
       0
       0
       0
       0
       0
       1
       0
       0
       1
       0
       0
       0
       1
       1
       0
       1
       0
       0
       1
       1
       0
       0
       1
       0
       0
       0
       1
       0
       0
       0
       0
       1
       1
       0
       1
       0
       1
       0
       1
       1
       1
       0
       0
       1
       1
       0
       0
       0
       1
       1
       1
       1
       2
       0
       1
       2
       1
       1
       2
       3
       0
       0
       1
       1
       2
       1
       0
       1
       1
       2
       0
       0
       0
       0
       0
       0
       1
       0
       0
       2
       1
       2
       0
       1
       1
       1
       0
       1
       0
       1
       1
       0
       0
       2
