
       0
       0
       0
       0
       0
       0
       0
       0
       0
       0
       0
       0
       0
       0
       0
       0
       1
       0
       0
       1
       0
       0
     609
   11488
   15713
   20415
   25660
   29408
   29886
   27617
   22905
   17249
   12643
    9205
    6858
    5474
    4560
    4207
    3964
    3921
    3972
    3838
    3911
    4031
    4149
    4192
    4156
    4202
    4226
    4305
    4313
    4331
    4465
    4534
    4467
    4471
    4566
    4484
    4412
    4537
    4646
    4569
    4560
    4412
    4569
    4556
    4632
    4487
    4551
    4566
    4492
    4432
    4431
    4424
    4516
    4480
    4367
    4387
    4397
    4382
    4381
    4384
    4320
    4235
    4237
    4211
    4312
    4283
    4276
    4218
    4371
    4256
    4201
    4178
    4208
    4125
    4200
    4151
    4189
    4196
    4151
    4122
    4274
    4290
    4078
    4076
    4150
    4105
    4165
    4036
    4006
    4163
    4112
    4074
    4018
    3984
    3984
    4068
    4093
    4069
    3957
    3961
    4031
    4069
    4033
    4074
    4031
    4030
    3997
    4098
    4091
    4212
    4086
    4162
    4244
    4158
    4314
    4467
    4355
    4472
    4643
    4511
    4496
    4571
    4785
    4695
    4751
    4615
    4659
    4598
    4600
    4610
    4477
    4394
    4281
    4279
    4265
    4353
    4146
    4019
    4119
    3968
    3974
    3911
    3922
    3845
    3796
    3755
    3751
    3701
    3795
    3754
    3761
    3642
    3695
    3650
    3625
    3614
    3631
    3529
    3533
    3568
    3485
    3555
    3424
    3433
    3474
    3393
    3440
    3469
    3464
    3397
    3325
    3318
    3384
    3305
    3312
    3368
    3277
    3240
    3264
    3265
    3236
    3238
    3225
    3096
    3289
    3215
    3291
    3259
    3141
    3246
    3215
    3243
    3229
    3068
    3112
    3214
    3205
    3151
    3150
    3188
    3130
    3173
    3236
    3095
    3058
    3043
    3037
    3060
    3088
    3083
    3159
    3111
    3189
    3026
    2997
    3116
    3102
    3116
    3040
    3038
    3004
    3027
    3090
    3090
    3003
    2959
    3088
    3018
    3021
    3031
    3062
    3033
    2890
    2990
    2881
    2810
    2847
    2865
    2988
    2886
    2888
    2822
    2856
    2854
    2806
    2751
    2676
    2721
    2744
    2691
    2768
    2800
    2754
    2703
    2724
    2672
    2708
    2700
    2721
    2683
    2665
    2657
    2550
    2665
    2815
    2710
    2688
    2663
    2688
    2605
    2686
    2696
    2606
    2602
    2645
    2609
    2620
    2645
    2705
    2586
    2697
    2778
    2676
    2668
    2729
    2791
    2742
    2882
    2839
    2875
    2752
    2873
    2845
    2791
    2895
    2913
    2854
    2975
    2968
    2949
    2984
    3010
    3028
    2997
    3112
    3152
    3096
    3165
    3130
    3167
    3092
    3178
    3193
    3096
    3135
    3074
    3116
    3208
    3125
    3141
    3067
    3090
    3089
    3152
    2986
    2992
    3112
    3070
    3048
    3151
    2996
    3093
    2929
    3009
    3149
    2971
    3099
    2948
    3181
    2967
    2996
    2950
    2860
    2861
    2963
    2862
    2866
    2903
    2818
    2713
    2640
    2714
    2621
    2587
    2565
    2431
    2366
    2380
    2236
    2278
    2149
    2129
    2147
    2024
    1869
    1894
    1833
    1769
    1715
    1566
    1609
    1503
    1481
    1415
    1418
    1327
    1359
    1245
    1274
    1132
    1201
    1258
    1192
    1083
    1122
    1206
    1196
    1175
    1176
    1154
    1200
    1205
    1268
    1303
    1296
    1365
    1364
    1395
    1555
    1536
    1646
    1764
    1832
    1913
    1930
    2068
    2278
    2304
    2505
    2668
    2681
    3108
    3293
    3398
    3711
    3955
    4193
    4336
    4822
    5042
    5527
    5901
    6242
    6814
    7153
    7503
    7922
    8388
    9090
    9326
    9998
   10489
   11097
   11601
   12219
   12713
   13059
   13630
   14315
   14582
   15197
   15656
   15769
   16177
   16659
   16927
   17185
   17178
   17380
   17615
   17638
   17650
   17492
   17501
   17102
   16765
   16703
   16337
   16200
   15759
   15203
   14821
   13935
   13787
   13103
   12544
   11958
   11078
   10770
   10199
    9640
    8974
    8218
    7743
    7167
    6783
    6300
    5810
    5434
    5038
    4624
    4168
    3777
    3466
    3251
    2952
    2664
    2432
    2288
    2084
    1911
    1748
    1750
    1511
    1428
    1293
    1232
    1180
    1051
    1029
     989
     994
     854
     832
     793
     800
     766
     697
     721
     626
     659
     696
     629
     656
     639
     609
     573
     589
     575
     520
     548
     506
     495
     469
     500
     444
     447
     460
     444
     467
     443
     423
     399
     441
     379
     397
     389
     414
     373
     381
     400
     348
     355
     355
     369
     328
     359
     315
     300
     285
     302
     347
     320
     320
     317
     280
     293
     288
     261
     266
     264
     270
     280
     258
     269
     257
     243
     206
     229
     266
     230
     247
     221
     227
     207
     224
     214
     221
     230
     186
     225
     194
     190
     200
     199
     190
     193
     199
     228
     203
     191
     215
     180
     207
     205
     207
     206
     212
     194
     179
     184
     171
     194
     179
     190
     166
     178
     170
     204
     177
     188
     170
     159
     163
     180
     176
     173
     184
     180
     182
     187
     179
     170
     165
     163
     141
     166
     170
     171
     167
     173
     168
     163
     161
     187
     161
     150
     153
     179
     153
     146
     154
     149
     128
     154
     144
     146
     150
     127
     156
     139
     129
     154
     149
     145
     139
     129
     134
     138
     129
     170
     158
     147
     139
     144
     132
     152
     123
     143
     121
     122
     135
     144
     125
     121
     122
     126
     116
     128
     134
     132
     135
     133
     126
     141
     130
     130
     124
      93
     109
     127
     124
     104
     111
     115
     119
     132
     125
     121
     126
     119
     124
     122
      98
     114
     113
     120
     105
     106
     118
      98
     109
     126
     118
     118
     100
     109
     105
     117
     106
     114
      99
     126
     100
     118
     109
      94
     105
     105
     127
      98
     124
     103
      98
      89
     112
     101
     104
     108
      94
     111
     100
     120
     107
     103
     103
     104
     116
      94
     118
      92
      93
     106
     107
      83
     100
      98
      97
      91
     115
      80
      78
      89
      84
      97
      88
      89
      93
      98
      85
      62
      77
      91
      79
      97
      69
      85
      74
      82
      78
      93
      85
      78
      78
      82
      81
      94
      86
      70
      95
     101
      79
      90
      77
      80
      85
     110
      56
      78
      74
      64
      59
      67
      74
      71
      92
      73
      72
      89
      79
      67
      80
      67
      81
      68
      68
      61
      68
      70
      67
      64
      82
      67
      85
      63
      62
      57
      67
      71
      77
      63
      74
      56
      70
      63
      49
      66
      71
      62
      88
      84
      65
      75
      83
      75
      73
      76
      79
      67
      81
      74
      66
      77
      66
      56
      76
      88
      83
      79
      75
      65
      64
      63
      58
      86
      74
      85
      68
      84
      75
     102
      70
      79
      61
      78
      85
      76
      71
      94
      85
      63
      71
      65
      88
      81
      89
      89
      77
      84
      67
      80
      65
      94
      85
      70
      77
      89
      84
      68
      88
      83
      87
      93
      76
      83
      72
      79
      81
      66
      83
      79
      74
      64
      87
      69
      74
      88
      71
      73
      75
      57
      62
      52
      77
      68
      75
      61
      70
      61
      68
      59
      57
      73
      56
      76
      57
      60
      54
      47
      59
      53
      57
      58
      43
      41
      61
      52
      44
      38
      36
      47
      44
      51
      41
      42
      33
      45
      42
      40
      34
      36
      36
      33
      39
      37
      34
      22
      48
      51
      37
      52
      30
      38
      39
      36
      28
      30
      35
      39
      34
      38
      28
      30
      44
      30
      43
      36
      37
      38
      33
      29
      27
      32
      34
      30
      34
      40
      31
      30
      33
      26
      20
      30
      34
      23
      29
      23
      28
      27
      21
      34
      28
      22
      26
      25
      27
      20
      23
      25
      21
      32
      26
      30
      20
      22
      23
      21
      24
      26
      18
      16
      21
      26
      14
      20
      17
      18
      15
      17
      24
      14
      20
      20
       9
      10
      14
      14
      17
      22
      15
       8
      11
      13
      15
      15
      10
      14
      10
      12
      16
      13
       8
      13
      13
      11
      12
      15
       9
      16
      11
      10
      12
      14
      15
       7
      11
       9
       5
      15
       8
      12
      14
      16
       8
      13
      14
       6
       7
      13
       6
      13
      11
       9
      13
       8
      10
      10
       5
      11
      13
       9
       6
       3
       7
      18
       9
      12
       8
      11
       8
       9
      11
      11
       9
       7
       8
       8
       7
       9
       6
       5
       9
      12
       9
      16
       6
       5
       7
       6
      14
      12
      10
       7
       9
       9
       5
       6
       8
      13
       6
       4
      11
       6
       4
       8
       7
       8
       3
       8
       7
      10
       7
       7
       4
       7
       4
      11
       9
      11
      10
       3
       7
      10
       8
      10
       3
       8
       9
       8
       6
      10
       7
       6
       7
       8
      11
       8
      12
       5
      11
       4
       9
       5
       9
      11
       9
      11
       9
       9
       9
       7
       8
       9
       5
       6
      13
       6
       9
       7
       7
       7
      10
       9
       7
      10
       6
       7
       4
      11
       6
       6
       6
       8
      12
      15
       6
      11
      11
       5
       5
       7
      11
       7
       9
       5
       2
       6
       3
       4
       7
       4
       5
       3
       4
       4
       8
       9
       6
       8
       5
       7
       5
       6
       6
       7
       2
       6
       5
       8
       8
       9
       7
       4
      11
       3
       5
       6
       7
       5
       3
       8
       3
       4
      11
       4
       8
       3
       4
       6
       6
       5
       5
       2
       1
       4
       4
       3
       3
       2
       4
       2
       3
       6
       2
       6
       3
       3
       3
       6
       4
       7
       3
       7
       9
       1
       4
       6
       2
       2
       5
       7
       3
       4
       0
       5
       4
       5
       6
       1
       6
       1
       8
       3
       3
       6
       0
       4
       5
       6
       4
       5
       1
       5
       7
       2
       5
       9
       3
       2
       4
       2
       6
       6
       2
       4
       6
       3
       2
       7
       3
       2
       5
       1
       5
       3
       2
       6
       4
       2
       2
       2
       5
       7
       2
       5
       3
       5
       1
       6
       2
       5
       4
       2
       6
       3
       4
       4
       3
       4
       7
       4
       3
       3
       2
       7
       7
       0
       2
       3
       2
       5
       4
       2
       2
       1
       2
       3
       5
       4
       4
       4
       7
       5
       5
       3
       3
       5
       8
       2
       8
       4
       9
       5
       1
       1
       5
       5
       2
       7
       4
       4
       5
       4
       3
       1
       3
       5
       2
       4
       5
       2
       3
       8
       7
       2
       5
       3
       4
       5
       3
       2
       3
       4
       2
       2
       7
       2
       3
       7
       4
       5
       3
       5
       2
       5
       3
       5
       7
       5
       3
       2
       7
       4
       7
       3
       7
       5
       8
       2
       3
       2
       4
       4
       4
       4
       4
       4
       3
       3
       7
       2
       3
       2
       3
       4
       6
       5
       7
       6
       1
       4
       8
       4
       3
       3
       2
       3
       4
       3
       1
       2
       3
       3
       3
       3
       4
       3
       7
       7
       3
       6
       4
       5
       6
       0
       2
       2
       4
       9
       3
       6
       5
       1
       1
       5
       3
       2
       1
       4
       4
       4
       4
       2
       1
       5
       3
       1
       4
       5
       5
       1
       4
       4
       2
       1
       3
       1
       2
       1
       2
       1
       4
       5
       5
       4
       2
       3
       5
       3
       0
       3
       3
       0
       5
       3
       4
       2
       2
       3
       3
       3
       2
       5
       2
       3
       3
       0
       2
       1
       1
       3
       4
       3
       3
       5
       3
       2
       2
       1
       5
       1
       5
       1
       3
       1
       0
       2
       1
       2
       0
       0
       0
       1
       1
       2
       4
       3
       3
       1
       6
       1
       3
       7
       2
       0
       2
       0
       1
       0
       4
       2
       3
       3
       3
       1
       5
       2
       2
       2
       4
       2
       1
       3
       1
       2
       2
       1
       3
       4
       3
       2
       3
       1
       2
       3
       3
       2
       1
       5
       3
       0
       5
       3
       4
       6
       5
       2
       2
       1
       4
       2
       4
       4
       2
       3
       2
       4
       3
       3
       1
       3
       0
       0
       2
       4
       0
       3
       4
       4
       6
       0
       1
       4
       1
       5
       3
       1
       1
       2
       1
       3
       3
       2
       3
       4
       2
       5
       0
       1
       2
       1
       0
       4
       1
       1
       3
       4
       4
       1
       2
       3
       1
       3
       4
       2
       4
       3
       4
       1
       1
       4
       3
       2
       3
       2
       1
       7
       1
       4
       0
       3
       1
       2
       4
       3
       6
       3
       3
       6
       2
       1
       1
       3
       2
       1
       2
       3
       2
       6
       3
       4
       1
       1
       3
       6
       3
       4
       6
       3
       2
       2
       2
       5
       5
       3
       3
       2
       4
       4
       4
       5
       1
       3
       1
       2
       3
       3
       4
       0
       2
       3
       4
       2
       4
       5
       2
       1
       9
       2
       5
       7
       2
       3
       5
       4
       4
       0
       0
       2
       3
       4
       2
       2
       3
       3
       3
       5
       1
       3
       3
       1
       1
       1
       1
       2
       1
       3
       6
       1
       1
       2
       3
       2
       4
       3
       0
       4
       3
       2
       2
       0
       1
       3
       1
       1
       2
       2
       1
       1
       6
       1
       1
       0
       0
       2
       3
       3
       1
       2
       2
       2
       2
       4
       1
       1
       2
       0
       1
       0
       2
       0
       1
       0
       0
       1
       1
       0
       0
       2
       1
       0
       1
       0
       4
       0
       1
       1
       0
       1
       0
       1
       0
       2
       3
       1
       0
       3
       0
       1
       0
       0
       0
       0
       1
       0
       1
       1
       1
       0
       0
       0
       0
       0
       0
       0
       0
       0
       2
       1
       0
       1
       0
       1
       0
       0
       0
       0
       0
       1
       0
       0
       2
       0
       0
       0
       1
       0
       1
       1
       2
       1
       0
       1
       0
       0
       0
       1
       0
       0
       0
       1
       0
       0
       1
       0
       1
       0
       0
       0
       1
       1
       1
       0
       1
       3
       0
       3
       1
       0
       0
       0
       0
       0
       1
       1
       0
       0
       0
       1
       0
       1
       0
       1
       0
       0
       0
       0
       0
       0
       0
       0
       0
       0
       0
       0
       0
       0
       2
       0
       0
       3
       3
       1
       3
       1
       2
       0
       1
       0
       0
       0
       1
       0
       2
       1
       2
       2
       0
       2
       4
       1
       0
       2
       0
       0
       1
       0
       2
       0
       4
       0
       1
       1
       0
       1
       0
       0
       0
       1
       0
       0
       1
       1
       1
       0
       0
