       0
       0
       0
       0
       0
       0
       0
       0
       0
       0
       0
       0
       0
       0
       0
       0
       0
       0
       0
       0
       0
       0
      47
     973
    1147
    1033
    1003
     920
     909
     954
     805
     864
    1021
    1020
    1010
    1079
    1227
    1305
    1457
    1420
    1568
    1609
    1752
    1925
    2004
    2097
    2304
    2345
    2540
    2600
    2636
    2795
    2876
    2862
    3006
    3000
    3199
    3179
    3212
    3318
    3258
    3272
    3416
    3368
    3448
    3449
    3370
    3385
    3449
    3408
    3336
    3299
    3224
    3273
    3327
    3226
    3317
    3183
    3178
    3187
    3049
    2988
    3141
    2906
    2984
    3029
    2924
    3008
    2864
    2871
    2928
    2798
    2673
    2652
    2638
    2749
    2633
    2639
    2568
    2644
    2505
    2463
    2373
    2381
    2314
    2338
    2358
    2303
    2193
    2206
    2184
    2181
    2087
    2111
    2058
    2058
    1957
    1898
    1933
    1931
    1898
    1889
    1890
    1820
    1789
    1825
    1722
    1750
    1698
    1703
    1656
    1670
    1657
    1650
    1580
    1617
    1570
    1583
    1507
    1577
    1460
    1456
    1459
    1443
    1516
    1499
    1374
    1356
    1385
    1358
    1402
    1360
    1345
    1271
    1250
    1255
    1223
    1188
    1199
    1107
    1239
    1263
    1174
    1133
    1094
    1126
    1154
    1172
    1110
    1072
    1094
    1022
    1077
    1047
    1028
    1014
    1077
     973
     968
    1048
     962
     978
     920
     928
     923
     867
     859
     895
     812
     843
     767
     767
     755
     758
     801
     733
     741
     746
     782
     739
     704
     708
     704
     692
     720
     682
     700
     652
     659
     658
     641
     639
     621
     642
     636
     650
     639
     627
     597
     568
     612
     605
     586
     620
     596
     543
     540
     484
     528
     527
     499
     490
     548
     534
     520
     530
     527
     536
     489
     494
     486
     542
     493
     489
     491
     527
     479
     507
     497
     471
     471
     470
     479
     468
     431
     464
     451
     405
     468
     441
     422
     434
     420
     422
     378
     393
     420
     364
     354
     374
     348
     353
     367
     338
     363
     320
     336
     314
     350
     315
     338
     311
     307
     332
     386
     335
     335
     324
     291
     310
     259
     278
     294
     324
     305
     292
     265
     281
     258
     270
     278
     298
     289
     258
     269
     288
     245
     261
     252
     261
     265
     280
     268
     284
     252
     233
     236
     244
     261
     248
     243
     221
     240
     233
     238
     233
     233
     235
     223
     234
     238
     234
     227
     235
     216
     235
     247
     223
     239
     257
     218
     236
     225
     240
     241
     220
     225
     246
     207
     229
     218
     246
     223
     201
     198
     246
     213
     194
     222
     216
     233
     231
     209
     207
     223
     229
     221
     223
     207
     215
     196
     184
     163
     214
     191
     198
     186
     193
     185
     207
     207
     184
     188
     178
     176
     183
     171
     172
     201
     207
     197
     186
     186
     192
     211
     204
     189
     200
     202
     173
     182
     210
     194
     174
     187
     199
     210
     212
     207
     197
     206
     191
     207
     184
     185
     176
     186
     183
     185
     186
     188
     193
     185
     182
     177
     191
     167
     154
     174
     178
     159
     154
     172
     179
     170
     179
     142
     152
     156
     142
     152
     141
     173
     145
     136
     155
     127
     128
     159
     137
     136
     115
     129
     145
     151
     121
     141
     127
     145
     123
     111
     117
     116
     140
     137
     121
     133
     122
     103
     106
     106
     145
     102
     123
     120
     101
      98
     120
     110
     110
     112
     103
     112
      96
     114
     127
     108
     103
     109
     106
     115
     102
     112
     105
     118
     110
     121
     115
     104
     106
     109
     129
      87
     112
      91
     122
      92
     109
      95
     114
     123
     116
     103
     109
     115
     105
     119
      97
     114
      93
      94
     109
     109
     100
      96
     118
     109
     108
     111
      99
     106
      86
     107
     112
     115
      97
      93
      84
     104
     105
     104
      94
     109
      93
      95
      93
      86
     122
      85
      95
      86
      71
      96
      91
      94
      96
      72
      86
      89
      88
      85
      88
      93
      80
      88
      84
      84
      91
      87
      86
      77
      88
      96
      85
      84
      76
      84
      87
      80
      81
      89
      86
      90
      98
      82
      93
      90
     106
      66
      83
      74
      87
     102
      77
      85
      77
      77
      77
      86
      89
      77
      87
      81
      70
      80
      72
      84
      74
      77
      77
      75
      93
      67
      77
     101
      76
      77
      83
      79
      79
      73
      78
      89
      92
      95
      90
      93
      88
      85
     106
      95
      90
      95
      81
      66
      76
      76
      64
      86
      84
      96
      88
      88
      99
      98
      69
      71
      87
      77
      86
      79
      88
      74
      83
      68
      75
      78
      73
      74
      89
      83
      66
      69
      68
      67
      77
      83
      68
      74
      64
      77
      75
      66
      78
      83
      70
      72
      65
      67
      77
      68
      63
      60
      74
      65
      57
      69
      59
      67
      74
      52
      59
      65
      69
      72
      52
      65
      63
      67
      54
      75
      62
      63
      55
      52
      73
      56
      65
      47
      61
      45
      48
      40
      67
      39
      52
      58
      54
      60
      46
      49
      43
      64
      39
      52
      50
      41
      56
      52
      53
      46
      42
      42
      54
      49
      56
      50
      48
      39
      60
      46
      47
      59
      54
      47
      49
      44
      43
      41
      42
      61
      43
      41
      57
      56
      49
      51
      49
      57
      54
      51
      54
      50
      59
      50
      63
      47
      62
      48
      46
      41
      43
      49
      57
      57
      48
      46
      59
      44
      54
      60
      56
      44
      50
      46
      55
      50
      45
      58
      33
      47
      37
      38
      51
      42
      56
      40
      42
      35
      37
      49
      48
      54
      41
      54
      39
      57
      43
      57
      41
      55
      53
      46
      32
      29
      50
      44
      46
      56
      51
      44
      36
      46
      42
      40
      40
      32
      44
      31
      52
      49
      42
      36
      40
      43
      40
      39
      45
      38
      32
      32
      53
      35
      35
      37
      43
      39
      42
      35
      53
      27
      29
      37
      34
      44
      33
      34
      40
      30
      38
      33
      40
      43
      31
      25
      42
      42
      39
      37
      20
      41
      34
      34
      36
      36
      37
      31
      34
      28
      29
      39
      37
      30
      45
      36
      21
      40
      22
      36
      31
      27
      27
      30
      30
      36
      32
      35
      30
      27
      29
      20
      39
      45
      34
      41
      33
      41
      38
      31
      31
      25
      40
      22
      28
      35
      31
      38
      30
      34
      33
      30
      33
      30
      29
      26
      29
      31
      41
      42
      38
      41
      39
      35
      29
      38
      28
      23
      41
      30
      36
      35
      37
      40
      26
      45
      41
      35
      41
      33
      52
      37
      48
      41
      46
      48
      44
      49
      49
      41
      52
      32
      48
      50
      54
      50
      42
      49
      46
      60
      40
      46
      50
      60
      43
      57
      42
      53
      49
      53
      52
      54
      45
      58
      63
      49
      53
      68
      64
      61
      57
      53
      57
      62
      46
      62
      52
      58
      50
      67
      54
      76
      59
      61
      56
      62
      60
      59
      72
      49
      60
      53
      53
      68
      47
      61
      61
      54
      59
      61
      53
      61
      64
      44
      54
      63
      54
      46
      42
      59
      54
      38
      43
      39
      31
      34
      29
      30
      30
      41
      38
      35
      26
      31
      34
      36
      28
      30
      29
      22
      25
      29
      21
      21
      28
      26
      23
      21
      22
      31
      21
      14
      18
      22
      22
      24
      20
      32
      22
      10
      17
      18
      22
      26
      18
      21
      19
      20
      15
      13
      17
      14
      19
      16
      12
      20
      14
      13
      19
      15
      13
      18
      25
      18
      19
      12
      21
      22
      17
      14
      20
      16
      20
      20
      12
      15
      13
      19
      18
      22
      18
      18
      11
      12
      14
      12
      13
      12
      16
      11
      13
      16
      11
      16
      14
      15
      17
      19
      19
      10
      12
      19
      13
      12
      12
      16
      12
      14
      10
      13
      14
      12
      12
      10
      15
      13
      16
      14
      15
      21
      16
       7
      16
      17
       9
      12
      11
      13
      14
      13
      16
      13
      20
      18
      17
       5
      11
      12
       8
      10
      15
       6
      19
       8
       8
      10
      15
       9
       7
       4
       9
      13
       9
      14
       6
      16
      13
      14
      18
      14
      11
       9
      12
      18
       8
      13
      15
      11
      12
      13
      12
      11
       8
       9
      15
       8
      16
       9
      14
       8
      13
      15
      15
       9
      19
       6
       9
      13
       8
      10
       9
      14
      16
      10
      18
      14
      13
      15
      12
       7
      12
       9
      10
       9
      10
      12
      11
       8
      15
      11
      14
      12
       5
       8
       8
       7
       7
      10
      12
       8
      13
       8
       8
      14
      14
       5
       5
       6
      10
      11
       6
       8
       6
      10
       5
       9
      12
      10
       8
       8
       7
      11
      13
      12
       7
       9
       6
       7
       4
       7
       8
       4
      10
      10
       7
       8
      12
       9
       4
       7
       6
       8
      10
       6
       8
       3
       5
       7
       8
      10
       8
       2
       9
      13
       2
      12
       7
       9
      11
       8
       6
       9
       7
       8
      13
       8
       7
       9
      14
       8
       8
       6
      10
      10
       5
       9
       5
       7
       7
       6
       5
       6
       6
       6
       5
       5
       5
      12
      12
       3
       5
      10
      10
      10
       9
       8
       9
       1
      10
       4
       3
      11
       4
       8
       7
       7
       6
      11
       7
       7
       4
       8
       8
       8
       3
      11
       4
       7
       7
       8
       6
       8
       9
      11
       7
       7
       4
       7
       6
       4
       9
      11
       8
       5
       5
       5
       7
       2
       4
      12
       7
       7
       4
       6
       7
       5
       8
       4
       6
       6
       3
       4
       3
       9
      10
       6
       6
       9
       7
       7
       5
      11
       7
       7
       4
       5
       7
       6
       6
       6
       9
       8
       8
       8
       6
       9
       5
       5
      10
       6
       6
       8
      13
       7
       8
       3
      10
       1
       7
      13
       4
       8
      11
      10
      11
      11
       7
       8
       4
       5
       6
      10
      13
       5
       4
       5
       9
       8
       4
       8
       4
       8
       3
       7
       8
       8
       6
       2
       9
      12
       9
       6
       9
      10
       7
      10
       4
       7
       6
       5
       4
       6
       3
       8
       9
       7
       8
      11
       3
       6
       2
       4
       5
      11
      12
       9
       5
       6
      10
       5
       3
      17
      11
       8
      10
       9
       1
       6
       5
       6
       3
       4
       9
       7
       7
       6
       7
       6
       2
       5
       8
       4
       4
      12
       5
       4
       7
       4
      10
       6
       6
       7
       3
       6
       2
       6
       5
       8
       7
      11
       6
       7
       7
       7
       7
       4
       2
       9
       6
       7
       1
       7
       5
       6
       3
       3
       4
       6
      10
       3
       5
       5
       4
       4
       5
       8
       4
       6
       5
       4
       4
       3
       5
      12
       6
       3
       4
       6
       3
       7
       2
       6
       6
       6
       7
       0
       7
       2
       5
       3
       8
       7
       2
       4
       6
       3
       6
       2
       9
       3
       3
       7
       2
       3
       6
       2
       3
       5
       3
       6
       6
       1
       6
       6
       4
       3
       2
       5
       4
       5
       2
       5
       0
       2
       3
       4
       2
       5
       3
       5
       3
       5
       4
       5
       6
       5
       4
       8
       6
       3
       1
       6
       5
       3
       3
       5
       4
       2
       5
       6
       2
       2
       1
       5
       4
       6
       4
       6
       3
       3
       5
       5
       6
       5
       3
       2
       5
       3
       2
       2
       1
       4
       5
       3
       7
       8
       6
       6
       2
       5
       6
       3
       5
       4
       1
       2
       4
       6
       9
       5
       3
       7
       5
       3
       3
       3
       4
       3
       2
       4
       4
       5
       9
       6
       8
       4
       4
       9
       4
       4
       4
       2
       6
       4
      11
       5
       6
       3
       1
       4
       6
       0
       4
       6
       3
       6
       5
       4
       6
       6
      15
       2
       9
       6
       3
       6
       3
       7
       5
       5
      11
       5
      10
       4
       5
       8
      10
       2
       5
       8
      10
       7
       4
      14
       6
       7
       6
       4
       8
       8
       6
       2
       9
       5
       9
       7
       4
      10
      12
       6
      11
       5
       6
       8
       5
       5
       3
       5
       8
       6
       5
       7
       6
       6
      10
       3
      11
       8
      10
       7
       8
       6
       6
       9
       5
      12
      11
       4
       4
      11
       9
       5
      10
       8
       8
       4
       7
       3
       5
       5
       6
       7
       9
       8
       3
       7
      10
       5
       3
       1
       5
       5
       2
       3
       3
       3
       6
       7
       1
       4
       2
       5
       2
       3
       0
       7
       3
       3
       5
       2
       3
       3
       3
       4
       0
       2
       1
       1
       3
       3
       1
       1
       1
       1
       0
       6
       2
       1
       4
       0
       2
       1
       6
       3
       2
       3
       1
       1
       1
       1
       1
       0
       0
       1
       1
       0
       1
       3
       2
       0
       1
       1
       1
       0
       1
       0
       1
       1
       1
       1
       2
       3
       0
       0
       1
       0
       2
       0
       0
       1
       0
       0
       2
       1
       0
       0
       1
       3
       2
       0
       0
       0
       1
       1
       1
       0
       0
       0
       2
       0
       0
       0
       0
       0
       1
       2
       2
       1
       1
       0
       0
       0
       1
       1
       0
       1
       0
       0
       0
       3
       1
       0
       0
       0
       0
       3
       3
       0
       0
       0
       1
       1
       0
       1
       3
       0
       0
       1
       3
       0
       4
       0
       0
       1
       1
       0
       0
       1
       1
       1
       0
       2
       0
       0
       2
       1
       0
       0
       1
       0
       0
       0
       1
       1
       0
       0
       0
       1
       0
       0
       2
       1
       0
       1
       0
       0
       1
       0
       2
       0
       1
       2
       0
       0
       1
       0
       1
       0
       2
       0
       3
       1
       0
       1
       4
       2
       2
       3
       2
       1
       2
       0
       2
       0
       3
       0
       1
       1
       1
       1
       1
       1
       0
       1
       2
       0
       1
       2
       2
       2
       3
       0
       2
       1
       2
       1
       0
       0
       0
