       0
       0
       0
       0
       0
       0
       0
       0
       0
       0
       0
       0
       0
       0
       0
       0
       8
       2
       3
      10
       9
       6
     870
   15620
   18158
   18323
   18008
   18087
   17977
   17876
   17486
   17232
   17386
   16932
   17161
   16969
   17090
   16637
   16625
   16622
   16473
   16675
   16731
   16620
   16501
   16700
   16948
   16669
   16852
   16705
   16995
   16876
   17040
   16631
   16656
   16985
   16901
   16987
   16667
   16790
   16682
   17022
   16475
   16700
   17058
   16330
   16666
   16512
   16571
   16586
   16535
   16361
   16388
   16366
   16399
   16148
   15887
   16195
   15974
   16315
   15887
   15967
   15947
   15992
   15679
   15627
   15836
   15969
   15607
   15418
   15857
   15526
   15670
   15752
   15433
   15537
   15366
   15245
   15336
   15301
   15158
   15360
   15063
   15190
   15202
   14848
   15195
   15191
   15168
   15082
   15018
   15059
   15089
   14814
   14928
   15027
   14781
   15053
   14959
   14957
   14956
   14866
   15072
   15037
   14917
   15055
   15138
   14834
   15111
   15027
   15315
   15096
   15259
   15195
   15242
   15571
   15372
   15333
   15885
   15962
   16206
   16245
   16495
   16490
   17009
   17338
   17302
   17641
   17981
   18147
   18245
   18418
   18678
   18694
   18732
   18955
   19218
   18818
   18737
   18720
   18480
   18355
   18270
   18209
   18283
   18067
   17766
   17539
   17343
   17493
   17240
   17069
   16765
   16835
   16526
   16594
   16201
   16474
   15947
   16125
   15804
   15567
   15744
   15750
   15549
   15178
   15315
   15308
   15061
   14993
   14917
   14923
   14759
   14592
   14642
   14436
   14455
   14427
   14340
   14417
   14169
   14137
   14119
   14119
   13923
   13815
   13883
   14046
   13843
   13628
   13653
   13697
   13565
   13657
   13455
   13539
   13526
   13381
   13590
   13697
   13401
   13566
   13647
   13238
   13585
   13303
   13563
   13181
   13350
   13209
   13241
   13163
   13293
   13308
   13149
   13183
   13063
   13100
   13118
   13196
   13223
   13026
   12724
   12737
   13042
   12997
   12928
   12954
   13050
   12974
   13015
   12992
   13057
   12941
   12990
   12931
   12864
   12705
   12871
   12813
   12792
   12978
   12779
   12846
   12847
   12681
   12639
   12713
   12703
   12823
   12701
   12507
   12546
   12786
   12732
   12864
   12329
   12852
   12721
   12576
   12808
   12741
   12641
   12716
   12664
   12529
   12569
   12365
   12637
   12643
   12643
   12621
   12622
   12835
   12547
   12811
   12590
   12746
   12583
   12559
   12757
   12649
   12733
   12567
   12522
   12596
   12372
   12682
   12585
   12850
   12702
   12778
   12450
   12436
   12775
   12664
   12677
   12763
   12680
   12600
   12765
   12559
   12759
   12733
   12889
   12782
   12803
   12659
   12682
   12692
   12749
   12653
   12900
   12773
   12656
   12733
   12860
   13133
   12973
   12995
   13004
   13040
   13160
   13066
   13211
   13111
   13032
   13224
   13350
   13483
   13561
   13434
   13609
   13472
   13604
   13656
   13588
   13856
   14015
   13773
   13842
   13910
   14059
   14061
   14149
   14249
   14409
   14232
   14197
   13979
   14282
   14355
   14078
   14215
   13970
   14005
   14149
   13995
   13945
   14081
   14191
   13921
   13917
   13735
   13727
   13787
   13678
   13745
   13543
   13471
   13477
   13415
   13303
   13350
   13258
   13344
   13381
   13067
   13263
   13017
   13191
   13059
   13281
   13346
   13265
   13351
   13341
   13285
   13086
   13223
   13572
   13364
   13547
   13520
   13574
   13272
   13416
   13524
   13693
   13579
   13698
   13794
   13651
   13685
   13708
   13706
   14049
   13880
   13915
   14076
   13999
   14047
   14062
   13834
   13824
   14189
   14001
   13767
   13829
   13820
   13829
   13698
   13698
   13719
   13321
   13586
   13425
   13060
   13035
   12899
   12963
   12541
   12461
   12137
   12147
   11705
   11439
   11408
   11349
   11171
   11138
   10760
   10739
   10383
   10203
   10107
    9770
    9759
    9620
    9473
    9169
    9009
    8968
    8640
    8641
    8594
    8386
    8114
    8208
    8051
    7871
    7778
    7821
    7625
    7551
    7489
    7517
    7430
    7352
    7238
    7175
    7269
    7138
    6992
    7039
    7076
    6887
    6998
    7109
    6974
    6828
    6929
    6892
    6704
    6860
    6654
    6749
    6832
    6692
    6679
    6790
    6704
    6952
    6798
    6870
    6897
    6820
    6869
    6917
    6923
    6967
    7032
    7164
    7130
    7270
    7228
    7538
    7492
    7374
    7513
    7712
    7699
    7962
    8055
    8196
    8225
    8470
    8603
    8985
    8969
    9128
    9381
    9509
    9685
   10148
   10307
   10510
   11040
   11464
   11624
   12199
   12576
   12955
   13485
   14299
   14727
   15391
   15961
   16708
   17480
   18107
   18961
   20004
   20727
   21886
   22752
   24008
   25099
   26250
   27624
   29033
   30060
   31109
   32598
   34076
   35686
   36915
   38541
   40127
   41730
   43281
   44575
   46270
   47270
   49137
   50400
   51603
   53602
   54279
   55347
   56959
   57503
   58842
   59339
   60077
   61095
   61126
   61364
   61621
   62046
   61599
   61463
   61365
   60665
   59969
   59158
   58244
   57148
   56360
   55377
   53922
   52622
   50770
   49678
   48368
   46518
   44590
   42974
   40936
   39315
   37924
   36280
   34515
   33080
   32022
   30137
   28597
   27190
   25655
   24599
   23512
   21930
   20913
   19878
   19076
   17987
   17277
   16378
   15453
   14942
   14225
   13807
   12946
   12595
   12049
   11701
   11482
   11136
   10787
   10428
   10341
    9792
    9749
    9342
    9254
    9083
    8984
    8755
    8734
    8568
    8575
    8263
    8372
    8244
    8076
    7947
    7987
    7920
    7691
    7754
    7789
    7736
    7650
    7624
    7493
    7529
    7301
    7324
    7177
    7392
    7258
    7331
    7126
    7090
    7094
    7120
    7019
    6873
    6898
    6900
    6666
    6777
    6731
    6670
    6734
    6651
    6443
    6622
    6492
    6556
    6511
    6357
    6422
    6362
    6341
    6288
    6398
    6424
    6332
    6298
    6275
    6253
    6341
    6294
    6177
    6082
    6200
    6087
    6164
    5892
    5991
    6006
    6097
    6051
    6071
    5995
    6004
    5932
    5818
    5903
    5840
    5819
    5631
    5829
    5856
    5880
    5767
    5651
    5752
    5823
    5709
    5778
    5665
    5620
    5744
    5700
    5719
    5716
    5715
    5563
    5575
    5577
    5539
    5398
    5427
    5585
    5531
    5519
    5542
    5624
    5540
    5465
    5522
    5463
    5340
    5459
    5361
    5452
    5389
    5278
    5312
    5359
    5324
    5321
    5323
    5287
    5352
    5371
    5308
    5314
    5074
    5240
    5278
    5153
    4958
    5264
    5127
    5107
    5038
    5120
    5101
    5067
    5104
    5105
    5039
    5112
    5069
    4975
    4966
    4940
    4991
    4964
    4994
    4953
    4909
    4851
    4814
    4875
    4814
    4972
    4864
    4837
    5033
    4980
    4910
    4827
    4781
    4917
    4853
    4868
    4830
    4948
    4832
    4948
    4814
    4942
    4713
    4841
    4769
    4820
    4775
    4650
    4733
    4762
    4698
    4781
    4916
    4627
    4789
    4793
    4735
    4672
    4647
    4690
    4754
    4750
    4754
    4741
    4837
    4617
    4635
    4630
    4793
    4699
    4646
    4732
    4760
    4598
    4615
    4562
    4733
    4733
    4766
    4684
    4795
    4616
    4599
    4672
    4730
    4627
    4735
    4701
    4688
    4705
    4640
    4697
    4690
    4734
    4607
    4714
    4625
    4648
    4621
    4793
    4764
    4600
    4613
    4632
    4716
    4610
    4666
    4737
    4693
    4677
    4775
    4696
    4654
    4719
    4720
    4678
    4806
    4710
    4776
    4520
    4889
    4740
    4891
    4705
    4713
    4722
    4703
    4830
    4746
    4746
    4844
    4733
    4748
    4715
    4881
    4796
    4626
    4785
    4914
    4807
    4706
    4719
    4743
    4767
    4744
    4681
    4720
    4559
    4758
    4750
    4765
    4788
    4578
    4571
    4654
    4678
    4578
    4511
    4697
    4529
    4597
    4584
    4503
    4683
    4635
    4605
    4536
    4589
    4547
    4577
    4550
    4402
    4573
    4427
    4545
    4595
    4508
    4468
    4619
    4426
    4574
    4395
    4444
    4433
    4434
    4461
    4474
    4445
    4454
    4414
    4478
    4413
    4350
    4265
    4401
    4346
    4398
    4282
    4357
    4385
    4370
    4299
    4459
    4419
    4345
    4383
    4328
    4270
    4311
    4326
    4237
    4230
    4279
    4300
    4302
    4496
    4397
    4335
    4388
    4240
    4318
    4266
    4488
    4329
    4251
    4359
    4323
    4264
    4379
    4275
    4263
    4332
    4277
    4285
    4372
    4200
    4274
    4357
    4242
    4345
    4199
    4317
    4350
    4314
    4279
    4237
    4449
    4250
    4211
    4354
    4311
    4254
    4161
    4294
    4273
    4216
    4140
    4271
    4341
    4271
    4253
    4170
    4162
    4302
    4298
    4233
    4198
    4164
    4257
    4316
    4164
    4123
    4167
    4359
    4154
    4119
    4181
    4141
    4258
    4134
    4086
    4090
    4147
    4178
    4128
    4090
    4142
    4107
    4189
    4045
    4147
    4171
    4038
    4088
    4150
    4024
    4080
    4102
    4142
    4009
    4004
    3942
    4053
    3994
    3931
    4005
    3994
    4024
    4031
    3936
    3966
    3949
    3992
    3823
    3871
    3827
    3967
    3900
    3853
    3884
    3734
    3736
    3762
    3828
    3814
    3886
    3716
    3816
    3699
    3776
    3749
    3696
    3705
    3660
    3671
    3655
    3597
    3758
    3661
    3571
    3699
    3633
    3719
    3703
    3696
    3464
    3633
    3719
    3535
    3610
    3613
    3555
    3553
    3625
    3671
    3592
    3570
    3610
    3517
    3528
    3536
    3541
    3684
    3576
    3606
    3650
    3508
    3634
    3596
    3509
    3610
    3570
    3489
    3557
    3596
    3546
    3554
    3516
    3468
    3518
    3547
    3544
    3647
    3649
    3606
    3630
    3724
    3665
    3622
    3754
    3684
    3764
    3721
    3738
    3949
    3739
    3727
    3930
    3808
    3722
    3922
    3976
    3952
    3959
    4089
    4032
    4137
    4025
    4198
    4216
    4126
    4194
    4334
    4401
    4398
    4466
    4401
    4364
    4481
    4553
    4629
    4685
    4574
    4517
    4871
    4782
    4879
    4734
    4912
    5061
    5037
    5116
    5104
    5313
    5223
    5193
    5305
    5332
    5429
    5447
    5505
    5528
    5635
    5765
    5762
    5977
    5886
    5918
    5934
    5947
    6155
    6091
    6029
    6221
    6262
    6363
    6289
    6606
    6437
    6419
    6462
    6474
    6463
    6468
    6509
    6491
    6537
    6560
    6551
    6486
    6421
    6439
    6301
    6435
    6453
    6432
    6515
    6286
    6207
    6293
    6087
    6109
    6289
    6103
    6142
    5919
    5818
    5742
    5786
    5723
    5693
    5538
    5338
    5410
    5370
    5313
    5191
    5206
    4878
    4854
    4830
    4706
    4692
    4559
    4451
    4242
    4351
    4308
    4229
    4117
    4014
    4040
    3771
    3777
    3815
    3674
    3712
    3485
    3411
    3399
    3353
    3285
    3284
    3118
    3065
    3064
    3003
    2970
    2863
    2780
    2779
    2741
    2826
    2656
    2623
    2553
    2656
    2496
    2482
    2543
    2462
    2456
    2294
    2385
    2361
    2310
    2285
    2300
    2301
    2222
    2270
    2164
    2251
    2097
    2198
    2174
    2137
    2130
    2096
    2152
    2024
    2080
    2030
    2094
    2112
    1984
    2081
    1977
    2055
    2037
    1969
    1971
    1976
    1953
    2012
    1983
    1988
    1986
    2040
    2053
    1970
    2061
    1971
    1959
    1946
    2021
    2022
    2021
    2016
    1955
    2024
    2071
    1996
    2029
    1977
    1996
    1975
    2068
    2075
    2019
    2017
    2036
    2122
    1986
    2091
    2102
    2063
    2149
    2165
    2189
    2156
    2185
    2101
    2138
    2299
    2330
    2199
    2218
    2272
    2276
    2292
    2409
    2399
    2314
    2302
    2300
    2384
    2280
    2497
    2378
    2474
    2614
    2506
    2510
    2497
    2496
    2600
    2505
    2492
    2633
    2595
    2726
    2726
    2678
    2718
    2660
    2634
    2788
    2826
    2736
    2794
    2958
    2866
    2779
    2895
    2863
    2945
    2859
    2940
    2938
    3033
    2910
    2937
    2974
    3066
    3089
    2941
    3049
    3039
    3000
    3042
    3042
    3025
    3050
    3026
    2961
    3046
    3050
    2892
    3026
    3090
    3014
    2937
    2979
    2948
    2864
    2890
    2788
    2959
    2825
    2811
    2734
    2788
    2781
    2701
    2767
    2671
    2645
    2589
    2592
    2494
    2502
    2443
    2439
    2436
    2424
    2431
    2307
    2339
    2340
    2272
    2249
    2166
    2213
    2196
    2096
    2102
    2083
    2009
    2020
    1982
    1979
    1921
    1849
    1790
    1854
    1866
    1769
    1783
    1756
    1654
    1757
    1737
    1667
    1603
    1637
    1639
    1526
    1538
    1477
    1578
    1511
    1515
    1483
    1505
    1411
    1414
    1409
    1375
    1389
    1403
    1391
    1389
    1361
    1326
    1294
    1343
    1381
    1320
    1278
    1240
    1220
    1253
    1273
    1227
    1243
    1241
    1221
    1240
    1233
    1224
    1216
    1186
    1188
    1194
    1225
    1181
    1153
    1193
    1148
    1253
    1150
    1189
    1115
    1170
    1146
    1164
    1112
    1118
    1125
    1083
    1155
    1088
    1163
    1070
    1118
    1062
    1099
    1124
    1084
    1061
    1054
    1110
    1072
    1067
    1106
     996
    1098
    1044
    1039
     987
    1064
    1061
     991
    1053
    1059
    1022
    1049
    1038
     955
     982
     987
    1005
    1036
     983
    1000
    1060
    1031
     949
    1011
    1031
     972
     961
    1000
     965
    1032
     990
    1023
     994
     964
     921
    1020
     968
     971
     948
     933
    1013
     994
     913
     909
     919
     919
     899
     926
     901
     891
     910
     928
     892
     967
     862
     900
     900
     939
     889
     864
     848
     889
     934
     924
     889
     868
     921
     846
     874
     851
     896
     860
     881
     866
     848
     895
     878
     854
     846
     796
     888
     855
     881
     841
     878
     864
     834
     844
     856
     890
     878
     908
     822
     844
     868
     857
     832
     895
     857
     873
     846
     840
     825
     820
     852
     816
     849
     854
     778
     820
     815
     826
     877
     763
     820
     847
     815
     812
     774
     815
     800
     855
     822
     848
     781
     820
     784
     808
     819
     811
     790
     784
     817
     752
     806
     772
     832
     826
     828
     814
     779
     791
     735
     785
     786
     766
     743
     754
     816
     762
     753
     791
     774
     770
     747
     785
     702
     776
     761
     709
     732
     749
     744
     753
     749
     745
     742
     773
     749
     775
     777
     753
     715
     763
     696
     739
     736
     756
     679
     704
     718
     673
     714
     777
     716
     716
     741
     739
     772
     758
     717
     726
     743
     733
     680
     769
     723
     694
     696
     699
     728
     704
     691
     724
     688
     765
     694
     741
     714
     734
     728
     692
     735
     702
     721
     679
     733
     731
     739
     703
     693
     720
     739
     679
     673
     721
     679
     742
     715
     708
     698
     758
     645
     723
     692
     719
     718
     730
     679
     707
     678
     726
     637
     684
     657
     717
     685
     726
     686
     724
     656
     688
     629
     654
     647
     673
     683
     666
     644
     631
     688
     624
     585
     627
     628
     629
     624
     620
     622
     552
     562
     562
     628
     627
     563
     577
     591
     569
     556
     584
     603
     524
     581
     551
     480
     556
     582
     577
     531
     531
     504
     525
     516
     500
     492
     507
     502
     492
     503
     499
     481
     479
     530
     462
     481
     486
     446
     470
     422
     474
     466
     439
     437
     410
     420
     421
     452
     432
     410
     427
     434
     394
     410
     417
     408
     413
     392
     382
     389
     407
     395
     425
     368
     381
     358
     379
     389
     379
     369
     381
     342
     376
     385
     390
     358
     337
     354
     391
     310
     358
     359
     384
     365
     340
     350
     371
     350
     348
     331
     340
     345
     325
     307
     374
     385
     345
     364
     340
     320
     368
     328
     329
     357
     347
     309
     323
     331
     325
     320
     331
     371
     342
     328
     372
     312
     322
     350
     326
     295
     317
     363
     345
     341
     350
     325
     326
     336
     348
     316
     338
     366
     338
     350
     322
     334
     354
     317
     326
     314
     366
     336
     418
    1212
    1212
    1222
    1200
    1188
    1186
    1157
    1169
    1120
    1161
    1146
    1035
    1067
    1028
    1068
    1000
    1027
     953
     996
     979
     979
     986
     913
     935
     914
     879
     886
     863
     853
     826
     790
     786
     743
     778
     686
     727
     700
     731
     668
     752
     679
     656
     685
     587
     645
     548
