       0
       0
       0
       0
       0
       0
       0
       0
       0
       0
       0
       0
       0
       0
       0
       0
       0
       0
       0
       0
       0
       0
      45
    1662
    2070
    2115
    2156
    2046
    2003
    2056
    2000
    1986
    2103
    2069
    2088
    2086
    2239
    2145
    2322
    2315
    2311
    2402
    2496
    2615
    2729
    2800
    2705
    2841
    2820
    2949
    2957
    3035
    2985
    3090
    3067
    2955
    3087
    3149
    3207
    3151
    3165
    3036
    3181
    3125
    3205
    3205
    3181
    2999
    3262
    3060
    3130
    3101
    3108
    3109
    3113
    3049
    3131
    3166
    3025
    2922
    3037
    2998
    2986
    2971
    2995
    2893
    2873
    2957
    2920
    2934
    2867
    2854
    2862
    2909
    2932
    2891
    2872
    2720
    2823
    2840
    2777
    2752
    2754
    2756
    2799
    2701
    2641
    2725
    2660
    2626
    2793
    2688
    2710
    2645
    2599
    2588
    2604
    2618
    2641
    2638
    2601
    2726
    2755
    2710
    2842
    2881
    2837
    2851
    2946
    2995
    3070
    2934
    3044
    2925
    3079
    2972
    2878
    3088
    2927
    2794
    2928
    2801
    2726
    2747
    2576
    2605
    2508
    2574
    2417
    2485
    2461
    2410
    2345
    2394
    2294
    2210
    2232
    2294
    2137
    2236
    2253
    2180
    2134
    2162
    2107
    2129
    2110
    2066
    2030
    2057
    2035
    2014
    1981
    1995
    1922
    1879
    1935
    1923
    1837
    1811
    1835
    1857
    1857
    1797
    1743
    1807
    1791
    1779
    1779
    1872
    1803
    1826
    1728
    1771
    1734
    1705
    1744
    1667
    1693
    1798
    1774
    1749
    1703
    1712
    1728
    1781
    1729
    1787
    1705
    1763
    1767
    1809
    1681
    1691
    1751
    1736
    1754
    1786
    1694
    1710
    1680
    1761
    1752
    1789
    1761
    1873
    1718
    1734
    1709
    1779
    1687
    1717
    1714
    1608
    1606
    1538
    1539
    1485
    1483
    1403
    1391
    1317
    1259
    1197
    1185
    1177
    1141
    1036
    1059
    1014
     939
     898
     907
     923
     905
     849
     871
     764
     763
     748
     702
     736
     696
     705
     736
     661
     697
     684
     627
     639
     619
     596
     670
     670
     624
     653
     603
     606
     653
     622
     604
     646
     661
     599
     653
     676
     610
     632
     612
     672
     654
     614
     707
     646
     677
     694
     637
     699
     662
     668
     661
     737
     713
     736
     772
     797
     764
     813
     798
     834
     820
     879
     933
     978
     936
     993
    1032
    1138
    1092
    1208
    1176
    1240
    1389
    1382
    1562
    1651
    1799
    1895
    2130
    2261
    2470
    2668
    2809
    3162
    3346
    3715
    4016
    4266
    4691
    5209
    5487
    6041
    6432
    6833
    7264
    7891
    8484
    8714
    9221
    9770
   10365
   10795
   11049
   11443
   12152
   12495
   12602
   12822
   13041
   13117
   13027
   13096
   13098
   12850
   12702
   12613
   12029
   11846
   11234
   10872
   10465
    9836
    9494
    8874
    8267
    7667
    7189
    6499
    5935
    5530
    4957
    4509
    4153
    3627
    3409
    2925
    2734
    2332
    2163
    1849
    1633
    1495
    1364
    1240
    1125
     991
     920
     830
     774
     735
     628
     618
     592
     572
     564
     514
     516
     479
     491
     499
     407
     440
     421
     390
     403
     368
     370
     350
     379
     357
     387
     343
     377
     299
     298
     302
     328
     297
     310
     259
     257
     267
     250
     259
     277
     247
     247
     250
     250
     240
     235
     207
     214
     206
     194
     193
     215
     206
     178
     186
     186
     170
     173
     188
     172
     165
     178
     172
     208
     174
     150
     172
     192
     187
     184
     200
     169
     154
     152
     146
     165
     171
     174
     183
     148
     174
     157
     179
     151
     159
     161
     166
     156
     186
     158
     168
     174
     169
     157
     162
     165
     156
     148
     157
     153
     176
     165
     141
     155
     152
     132
     147
     142
     149
     134
     147
     146
     150
     139
     130
     143
     136
     129
     131
     118
     127
     119
     123
     111
     112
      96
     121
     114
     116
     136
     109
     123
     109
     103
     106
     114
     101
      93
     106
      90
     121
      91
      86
      91
     104
     100
      92
      75
      88
     110
      89
     106
     105
      97
      99
      93
      91
     102
      99
      93
      84
      84
     102
     101
      97
      90
      85
      90
      83
      94
     112
      90
      87
      92
      88
      73
     101
      83
      83
      95
      93
      87
      79
     102
      80
      86
      89
      84
     102
      88
      77
      81
      84
      79
      77
      80
      88
      89
      85
      81
      88
      84
      89
      75
      73
      85
      78
      84
      78
      73
      77
      85
      75
      80
      79
      73
      88
     103
      76
      80
      72
      84
      81
      69
      95
      77
      81
      81
      68
      89
      78
      60
      59
      66
      72
      68
     100
      75
      89
      75
      81
      74
      70
      67
      64
      82
      79
      77
      75
      74
      86
      88
      68
      65
      83
      70
      73
      77
      77
      73
      64
      84
      73
      88
      74
      65
      64
      69
      67
      75
      78
      81
      71
      91
      67
      79
      68
      76
      68
      73
      58
      68
      72
      84
      84
      79
      69
      84
      51
      71
      66
      66
      68
      78
      73
      60
      75
      64
      80
      63
      74
      85
      71
      64
      79
      57
      73
      55
      63
      83
      73
      57
      80
      64
      58
      69
      52
      49
      74
      58
      64
      64
      71
      66
      68
      48
      58
      57
      65
      68
      68
      56
      53
      59
      70
      55
      60
      58
      53
      57
      45
      66
      43
      40
      62
      39
      49
      50
      51
      57
      47
      48
      46
      59
      49
      44
      45
      67
      44
      41
      38
      41
      47
      41
      37
      46
      41
      54
      41
      37
      48
      44
      50
      38
      40
      47
      39
      39
      32
      35
      36
      31
      45
      54
      40
      28
      43
      30
      40
      37
      41
      37
      29
      34
      26
      34
      27
      29
      34
      24
      29
      34
      28
      32
      36
      40
      36
      17
      33
      30
      27
      27
      30
      25
      26
      30
      29
      40
      30
      34
      26
      29
      28
      34
      21
      28
      17
      21
      36
      35
      31
      32
      20
      23
      32
      27
      25
      28
      23
      26
      29
      26
      28
      31
      28
      30
      25
      29
      30
      24
      21
      24
      28
      30
      23
      32
      30
      30
      26
      41
      42
      22
      35
      24
      30
      27
      29
      30
      31
      36
      30
      46
      44
      38
      32
      27
      29
      23
      35
      34
      37
      33
      37
      38
      35
      49
      29
      35
      31
      43
      37
      44
      48
      45
      51
      38
      48
      50
      49
      49
      58
      47
      55
      47
      45
      45
      50
      57
      54
      61
      56
      44
      49
      41
      57
      56
      63
      48
      70
      64
      49
      71
      57
      49
      45
      59
      75
      62
      55
      66
      65
      64
      73
      49
      46
      58
      47
      50
      59
      42
      40
      44
      57
      52
      58
      40
      58
      44
      56
      42
      55
      39
      52
      41
      58
      40
      40
      44
      52
      44
      45
      26
      35
      36
      46
      59
      37
      31
      37
      42
      41
      41
      34
      41
      33
      42
      51
      27
      25
      33
      40
      35
      41
      43
      42
      35
      29
      38
      36
      32
      34
      44
      28
      36
      30
      22
      39
      37
      34
      37
      38
      33
      42
      38
      32
      29
      31
      28
      35
      28
      25
      27
      35
      20
      25
      30
      25
      24
      25
      27
      30
      26
      24
      23
      33
      30
      17
      25
      22
      23
      17
      21
      29
      23
      22
      25
      14
      17
      14
      13
      14
      18
      24
      16
      15
      14
      16
      16
      21
       8
      19
       8
       9
      15
      13
       5
      10
       9
      14
      11
      18
      15
      17
       9
       9
      10
      11
      11
      12
      11
       6
      11
      10
      16
      13
       8
      11
       7
      10
       5
       9
      13
      10
       7
      15
      11
      12
      11
      12
       7
      12
      10
      12
       9
       9
      10
      13
       5
      12
       6
       9
      12
       8
       9
      12
      11
       8
       9
      11
      15
       8
      11
       6
       6
       9
      11
       7
      17
       8
       9
      11
       8
       4
      10
      10
      13
       9
      13
      10
       8
       5
       6
       6
      10
      11
      10
       8
       7
       6
       7
      12
      10
       9
       8
      10
       7
       8
       7
       9
       5
       5
       7
      10
      13
       4
       8
       3
       5
       6
       7
       9
       7
       9
       5
       5
      12
       5
      14
      14
       8
      12
       8
       7
       8
       8
      12
       6
      14
       7
       5
       8
      12
       4
       6
       7
      10
      10
      14
      10
       5
      12
       7
       4
       9
       9
       5
       9
       8
      13
       5
       7
       5
       8
       6
       6
       4
       8
      11
       8
      12
       6
       8
       5
       7
       8
       8
       6
       8
       4
       7
       8
       2
      10
       8
       4
       5
      15
       4
       7
       6
       5
       7
       5
       2
       7
       3
       7
       9
       9
       7
      10
       6
       6
      10
       5
       3
       8
       3
       6
       3
       8
       6
       6
       7
       7
       6
       8
       8
       6
       3
       9
       9
       4
       9
       3
       3
       6
      11
       5
       3
       7
       5
       6
       3
       6
       5
       4
       3
       5
       4
       4
       5
       5
       6
      11
       3
       4
       5
       2
       2
       3
       4
      10
       4
       3
       2
       3
       4
       3
       4
       7
       1
       7
       2
       5
       4
       4
       6
       2
       3
       4
       7
       1
       2
       3
       3
       2
       2
       2
       5
       2
       6
       4
       4
       3
       5
       2
       2
       2
       8
       7
       8
       3
       0
       6
       3
       1
       3
       5
       5
       4
       4
       7
       4
       2
       5
       4
       9
       3
       3
       3
       0
       4
       3
       4
       2
       4
       4
       5
       2
       3
       5
       4
       5
       3
       3
       1
       3
       4
       3
       6
       6
       5
       2
       6
       5
       4
       4
       8
       2
       1
       2
       2
       4
       5
       2
       5
       4
       6
       6
       5
       1
       6
       3
       4
       4
       6
       2
       4
       8
       5
       9
       3
       2
       4
       4
       6
       4
       1
       5
       6
       3
       1
       5
       1
       4
       5
       5
       4
       6
       2
       4
       4
       9
       4
       4
       3
       3
       4
       3
       6
       3
       2
       3
       5
       1
       4
       5
       2
       5
       4
       3
       9
       3
       2
       7
       6
       3
       3
       2
       6
       6
       3
       2
       3
       2
       5
       2
       3
       2
       3
       2
       5
       4
       7
       1
       1
       4
       1
       1
       4
       3
       3
       8
       6
       5
       4
       5
       5
       2
       3
       3
       1
       5
       1
       2
       0
       1
       2
       5
       2
       3
       4
       3
       6
       9
       3
       3
       4
       6
       4
       2
       4
       4
       8
       4
       5
       3
       3
       4
       2
       2
       4
       1
       6
       3
       3
       3
       4
       3
       2
       2
       8
       2
       3
       2
       3
       0
       2
       2
       4
       6
       3
       1
       3
       2
       3
       6
       2
       4
       2
       0
       5
       2
       5
       6
       5
       0
       2
       3
       1
       5
       0
       1
       2
       2
       1
       4
       8
       7
       2
       2
       2
       4
       5
       0
       1
       3
       2
       1
       0
       2
       2
       3
       3
       1
       2
       2
       0
       3
       3
       3
       2
       1
       1
       2
       1
       2
       3
       0
       0
       4
       2
       0
       2
       2
       3
       1
       1
       1
       4
       4
       2
       3
       4
       2
       0
       1
       0
       2
       3
       3
       2
       3
       3
       5
       4
       0
       2
       4
       2
       0
       3
       4
       1
       1
       2
       0
       1
       3
       2
       1
       2
       1
       3
       4
       4
       3
       3
       2
       1
       1
       0
       2
       3
       1
       4
       3
       5
       1
       4
       3
       3
       2
       1
       2
       0
       4
       1
       3
       4
       3
       3
       0
       1
       1
       2
       1
       3
       4
       4
       3
       2
       5
       0
       2
       3
       1
       3
       1
       0
       6
       4
       7
       5
       4
       2
       2
       1
       2
       1
       2
       1
       1
       5
       0
       8
       2
       2
       5
       3
       2
       4
       4
       1
       3
       3
       3
       3
       1
       3
       3
       0
       3
       0
       2
       0
       3
       2
       2
       4
      10
       7
       3
       2
       2
       4
       5
       4
       5
       2
       3
       1
       2
       2
       1
       2
       2
       7
       3
       4
       2
       6
       3
       3
       2
       2
       1
       5
       5
       8
       4
       4
       3
       8
       3
       2
       5
       3
       2
       3
       8
       3
       1
       4
       4
       3
       2
       1
       4
       7
       3
       2
       1
       4
       4
       4
       2
       1
       3
       5
       3
       3
       1
       4
       3
       4
       1
       2
       3
       5
       4
       2
       2
       5
       0
       5
       2
       5
       1
       6
       7
       2
       3
       3
       4
       2
       3
       1
       3
       2
       4
       1
       1
       5
       2
       0
       0
       2
       0
       0
       1
       0
       2
       1
       0
       1
       3
       2
       3
       0
       1
       2
       2
       1
       1
       0
       3
       1
       0
       0
       2
       1
       1
       1
       1
       0
       1
       1
       1
       0
       0
       0
       1
       0
       0
       1
       0
       1
       0
       0
       0
       2
       0
       0
       0
       1
       1
       0
       1
       0
       0
       0
       0
       0
       0
       0
       1
       2
       1
       0
       0
       1
       2
       2
       0
       1
       0
       0
       1
       0
       0
       1
       1
       1
       0
       1
       0
       2
       0
       1
       0
       0
       2
       2
       2
       1
       1
       2
       0
       0
       0
       0
       1
       0
       1
       0
       0
       0
       0
       0
       0
       0
       0
       0
       0
       0
       0
       2
       1
       0
       0
       0
       0
       0
       0
       1
       0
       1
       0
       1
       0
       1
       0
       0
       0
       1
       1
       0
       0
       0
       1
       0
       0
       1
       0
       1
       0
       1
       0
       0
       2
       0
       1
       0
       0
       0
       0
       1
       0
       0
       0
       0
       1
       0
       0
       0
       1
       0
       0
       0
       0
       0
       1
       0
       0
       0
       0
       0
       1
       0
       0
       0
       0
       1
       0
       0
       0
       1
       0
       1
       0
       0
       0
       0
       0
       0
       1
       0
       1
       1
       4
       1
       1
       2
       1
       1
       1
       0
       2
       1
       0
       0
       1
       1
       0
       1
       1
       0
       0
       0
       0
       0
       0
       1
       0
       0
       0
       0
       0
       1
       1
       0
       0
       0
       0
       0
       1
       1
       0
       0
       1
       0
