0
0
0
0
0
0
0
0
0
0
0
0
0
0
0
0
0
0
0
0
0
0
0
0
0
0
0
0
0
0
0
0
0
0
0
0
0
0
0
0
0
0
0
0
0
0
0
0
0
0
0
0
0
0
0
0
0
0
0
0
0
0
0
0
0
0
0
0
0
0
0
0
0
0
0
0
0
0
0
0
0
0
0
0
0
0
0
0
0
0
0
0
0
0
0
0
0
0
0
0
0
0
0
0
0
1
2
3
5
4
13
27
30
63
215
1574
2847
2674
2388
2147
2101
1979
1955
2023
1972
1920
2001
1910
1887
1929
1880
1893
1925
1915
1959
1900
1949
1892
1864
1929
1905
1901
1842
1977
1945
1808
1874
1872
1890
1896
1865
1890
1921
1900
1917
1915
1871
1851
1946
1811
1865
1914
1922
1934
1886
1879
1858
1908
1942
1848
1863
1920
1853
1948
1863
1858
1872
1858
1793
1941
1912
1958
1915
1936
1919
1834
1825
1875
1916
1897
1901
1908
1926
1917
1900
1804
1888
1920
1877
1881
1877
1849
1848
1866
1967
1802
1910
1926
1938
1904
1946
1865
1859
1815
1859
1907
1810
1886
1870
1904
1748
1849
1936
1816
1865
1949
1890
1919
1893
1921
1881
1780
1926
1804
1842
1792
1878
1806
1846
1892
1848
1852
1809
1842
1844
1869
1868
1843
1831
1866
1847
1870
1843
1823
1860
1843
1868
1850
1895
1884
1722
1855
1804
1789
1803
1836
1761
1828
1771
1833
1758
1806
1797
1816
1792
1839
1836
1839
1879
1831
1808
1829
1854
1773
1716
1816
1858
1834
1737
1804
1790
1862
1854
1772
1831
1813
1789
1839
1761
1760
1779
1805
1789
1813
1740
1844
1827
1862
1743
1798
1745
1777
1752
1768
1836
1754
1757
1801
1732
1733
1760
1790
1802
1767
1845
1733
1723
1773
1798
1820
1745
1804
1797
1852
1862
1790
1868
1757
1754
1784
1772
1789
1812
1792
1826
1834
1719
1754
1804
1771
1782
1767
1769
1780
1799
1779
1755
1842
1816
1810
1721
1746
1790
1706
1760
1789
1688
1740
1774
1815
1766
1789
1736
1740
1815
1773
1763
1730
1797
1741
1803
1766
1804
1737
1740
1745
1773
1755
1760
1721
1736
1773
1720
1739
1790
1725
1697
1732
1760
1825
1757
1747
1742
1791
1676
1883
1722
1764
1802
1700
1760
1713
1793
1767
1751
1689
1705
1698
1780
1668
1712
1757
1705
1733
1766
1685
1711
1726
1661
1833
1717
1663
1787
1694
1764
1766
1761
1675
1732
1729
1750
1685
1718
1736
1741
1697
1685
1726
1660
1642
1737
1748
1759
1670
1733
1666
1743
1710
1757
1680
1672
1711
1658
1770
1719
1704
1812
1804
1670
1663
1685
1632
1774
1692
1604
1663
1711
1742
1670
1658
1693
1687
1596
1720
1684
1643
1757
1614
1628
1736
1744
1666
1701
1677
1688
1647
1672
1715
1701
1713
1752
1717
1679
1711
1638
1618
1685
1578
1673
1688
1681
1700
1645
1629
1633
1690
1623
1671
1659
1617
1711
1653
1648
1681
1706
1623
1657
1700
1617
1685
1698
1598
1636
1635
1717
1690
1710
1697
1639
1670
1659
1770
1662
1680
1671
1673
1641
1630
1600
1582
1757
1671
1716
1684
1669
1600
1710
1722
1590
1662
1668
1645
1652
1674
1650
1663
1610
1714
1659
1705
1638
1637
1623
1669
1562
1631
1735
1675
1592
1648
1680
1650
1689
1647
1693
1649
1700
1638
1560
1617
1693
1624
1714
1671
1652
1618
1617
1604
1665
1712
1699
1677
1646
1582
1633
1641
1626
1639
1649
1589
1625
1684
1670
1550
1595
1620
1693
1656
1665
1585
1628
1608
1655
1617
1663
1624
1573
1632
1684
1625
1599
1592
1626
1610
1587
1751
1600
1654
1690
1566
1679
1683
1633
1617
1616
1618
1602
1675
1610
1641
1626
1571
1627
1654
1662
1627
1610
1670
1704
1642
1644
1650
1668
1671
1565
1682
1676
1627
1569
1659
1641
1616
1605
1603
1611
1638
1612
1622
1563
1678
1665
1624
1655
1581
1653
1655
1569
1697
1626
1622
1657
1676
1633
1558
1606
1632
1638
1635
1700
1641
1697
1622
1588
1612
1627
1676
1724
1674
1688
1647
1626
1697
1653
1670
1649
1648
1693
1634
1667
1654
1681
1668
1643
1710
1632
1711
1686
1656
1748
1737
1746
1612
1662
1737
1716
1716
1686
1700
1646
1749
1657
1723
1764
1765
1761
1732
1757
1650
1753
1741
1741
1849
1769
1742
1673
1668
1721
1796
1804
1798
1768
1858
1826
1806
1847
1810
1862
1870
1752
1917
1855
1759
1875
1859
1746
1842
1826
1860
1882
1862
1894
1874
1801
1910
1848
1875
1816
1883
1890
1923
1846
1857
1848
1906
1987
1886
1838
1943
1905
1906
1928
1917
1963
1904
1854
1877
1917
1993
1923
1980
1871
1965
1847
1955
1932
1889
1947
1933
2047
2012
1967
1958
1933
1970
2001
1976
1965
1863
1958
1904
1982
1981
2010
1927
2000
1932
1927
2059
1961
2018
1933
2032
1923
1952
1906
1994
2089
1909
1992
1916
1938
1954
1999
1970
2000
1968
1999
2005
1916
2006
2028
1936
2010
1950
2001
1991
2046
1937
2001
1961
1949
1953
2012
1978
1958
2060
1936
1992
1965
2031
1952
1955
2000
2003
1919
1991
1953
1958
1929
2025
1998
1956
1894
1955
1917
1997
1951
1944
1953
1922
1997
1937
1978
1935
1982
1972
1947
1997
1997
1954
1942
1975
1884
1926
1924
1973
1930
1902
1855
2010
2017
1915
1895
1897
1898
1919
1833
1902
1876
1911
1861
1859
1918
1860
1853
1895
1842
1948
1836
1899
1895
1875
1949
1878
1785
1871
1901
1836
1913
1790
1819
1762
1866
1824
1803
1797
1836
1757
1851
1808
1798
1836
1833
1783
1801
1806
1773
1694
1766
1847
1827
1821
1763
1831
1759
1797
1763
1736
1791
1726
1801
1766
1789
1805
1757
1703
1807
1788
1765
1752
1758
1689
1709
1653
1784
1680
1749
1765
1708
1711
1790
1758
1777
1712
1716
1720
1744
1715
1708
1649
1685
1691
1726
1746
1730
1660
1720
1722
1670
1741
1712
1616
1684
1689
1641
1690
1689
1681
1729
1614
1683
1733
1715
1631
1672
1579
1660
1611
1623
1595
1621
1652
1656
1618
1692
1609
1642
1629
1582
1607
1637
1571
1603
1585
1594
1703
1594
1594
1679
1514
1609
1592
1551
1568
1565
1584
1566
1587
1685
1579
1548
1596
1597
1577
1609
1549
1572
1524
1602
1560
1585
1606
1633
1555
1555
1594
1569
1520
1599
1548
1551
1600
1521
1543
1526
1545
1559
1581
1537
1541
1500
1525
1508
1542
1563
1515
1516
1597
1521
1505
1477
1513
1496
1551
1497
1479
1500
1521
1556
1519
1564
1478
1571
1473
1475
1519
1513
1531
1479
1543
1476
1546
1470
1542
1549
1479
1530
1560
1478
1467
1510
1487
1520
1487
1483
1425
1505
1533
1470
1502
1475
1421
1603
1523
1452
1491
1453
1499
1499
1440
1511
1421
1448
1483
1488
1538
1508
1434
1434
1420
1447
1418
1457
1467
1522
1536
1409
1438
1491
1443
1476
1496
1508
1409
1474
1389
1474
1529
1518
1515
1452
1462
1428
1553
1466
1434
1410
1432
1418
1477
1384
1460
1487
1496
1379
1343
1389
1416
1439
1385
1348
1378
1422
1351
1450
1389
1439
1433
1416
1490
1437
1445
1397
1491
1436
1457
1410
1390
1406
1368
1384
1398
1419
1444
1453
1487
1439
1370
1461
1359
1390
1457
1422
1439
1370
1415
1417
1482
1388
1359
1403
1316
1387
1354
1372
1399
1386
1372
1426
1346
1396
1378
1367
1439
1391
1376
1423
1382
1366
1411
1343
1361
1339
1396
1329
1372
1471
1329
1412
1403
1364
1454
1311
1419
1450
1344
1351
1406
1300
1383
1344
1316
1389
1358
1412
1353
1351
1443
1365
1357
1301
1340
1396
1386
1403
1301
1382
1352
1360
1380
1431
1269
1442
1320
1374
1352
1381
1279
1331
1374
1378
1378
1378
1300
1347
1361
1353
1307
1383
1348
1305
1333
1319
1343
1365
1328
1370
1284
1320
1332
1334
1328
1331
1350
1390
1273
1362
1344
1290
1366
1351
1371
1433
1310
1335
1379
1366
1374
1349
1347
1352
1294
1280
1297
1259
1271
1307
1273
1342
1328
1319
1298
1380
1311
1316
1302
1334
1336
1353
1293
1297
1400
1322
1300
1268
1302
1278
1329
1318
1332
1302
1355
1278
1314
1307
1300
1304
1385
1306
1362
1259
1278
1376
1272
1239
1266
1364
1307
1329
1306
1345
1329
1253
1373
1287
1323
1325
1300
1274
1258
1272
1325
1297
1345
1334
1258
1256
1336
1274
1358
1280
1258
1270
1282
1353
1247
1289
1252
1249
1193
1244
1225
1285
1312
1275
1325
1269
1268
1262
1255
1293
1297
1335
1261
1244
1279
1363
1288
1247
1339
1246
1241
1293
1238
1300
1271
1317
1220
1177
1204
1248
1222
1263
1312
1280
1281
1310
1247
1282
1295
1291
1269
1175
1249
1199
1279
1265
1267
1344
1273
1277
1220
1311
1262
1350
1312
1246
1221
1214
1210
1224
1271
1249
1310
1307
1234
1274
1292
1280
1313
1270
1255
1266
1300
1284
1288
1304
1250
1330
1272
1264
1290
1343
1253
1244
1250
1280
1256
1241
1180
1276
1251
1240
1227
1271
1260
1244
1244
1231
1221
1221
1217
1253
1269
1310
1290
1296
1276
1254
1231
1264
1289
1204
1253
1263
1217
1294
1237
1281
1202
1314
1257
1263
1190
1324
1248
1156
1283
1294
1289
1215
1213
1206
1220
1204
1240
1258
1255
1233
1184
1277
1245
1267
1216
1220
1269
1319
1286
1195
1263
1263
1245
1210
1305
1312
1251
1236
1247
1196
1266
1276
1255
1244
1250
1203
1238
1236
1246
1256
1258
1252
1266
1172
1211
1255
1287
1246
1272
1239
1280
1191
1214
1252
1203
1257
1233
1216
1211
1299
1278
1276
1208
1167
1226
1198
1287
1259
1225
1213
1245
1223
1171
1245
1204
1281
1193
1233
1254
1233
1206
1233
1204
1244
1234
1226
1222
1216
1294
1170
1267
1206
1203
1207
1253
1227
1185
1232
1235
1222
1242
1277
1250
1232
1227
1256
1235
1192
1286
1175
1184
1261
1229
1153
1249
1246
1222
1199
1241
1229
1258
1153
1226
1214
1216
1282
1212
1238
1237
1181
1244
1174
1253
1194
1216
1217
1172
1183
1163
1249
1220
1187
1155
1216
1160
1233
1213
1231
1298
1206
1203
1240
1220
1252
1229
1196
1268
1247
1159
1286
1197
1248
1232
1143
1177
1295
1224
1285
1295
1257
1242
1216
1229
1193
1240
1246
1195
1224
1217
1161
1204
1202
1187
1207
1234
1231
1203
1183
1155
1261
1276
1201
1178
1223
1181
1208
1171
1161
1205
1229
1236
1215
1221
1214
1239
1235
1202
1215
1205
1201
1210
1206
1263
1215
1206
1247
1202
1239
1223
1162
1226
1203
1184
1220
1224
1178
1266
1215
1179
1155
1245
1211
1219
1273
1220
1212
1222
1192
1207
1235
1179
1184
1263
1245
1212
1274
1235
1210
1182
1184
1194
1224
1264
1265
1170
1148
1205
1218
1209
1182
1271
1173
1175
1248
1233
1236
1238
1194
1193
1239
1228
1142
1136
1239
1262
1224
1213
1258
1233
1226
1206
1224
1283
1258
1217
1248
1248
1193
1236
1237
1179
1196
1190
1237
1224
1260
1239
1240
1212
1219
1180
1242
1268
1226
1219
1248
1244
1219
1230
1203
1248
1231
1274
1303
1286
1212
1180
1161
1183
1225
1238
1269
1169
1313
1174
1196
1210
1244
1265
1241
1210
1202
1249
1162
1225
1237
1264
1268
1283
1273
1302
1216
1278
1225
1230
1217
1285
1315
1271
1283
1255
1306
1234
1214
1240
1288
1247
1263
1314
1296
1216
1319
1242
1229
1302
1316
1294
1213
1278
1239
1308
1241
1282
1230
1272
1300
1266
1250
1294
1222
1309
1236
1292
1265
1250
1243
1227
1261
1237
1246
1256
1297
1311
1290
1266
1298
1290
1293
1280
1302
1254
1267
1305
1286
1279
1323
1248
1297
1317
1270
1325
1361
1268
1366
1275
1366
1356
1309
1324
1311
1319
1324
1224
1282
1339
1312
1255
1365
1308
1405
1317
1339
1329
1316
1283
1359
1332
1298
1309
1361
1305
1266
1321
1282
1289
1302
1339
1339
1318
1319
1370
1311
1266
1402
1331
1350
1301
1400
1336
1336
1373
1324
1317
1284
1338
1392
1339
1342
1382
1377
1339
1329
1323
1348
1292
1352
1331
1323
1313
1348
1338
1315
1240
1341
1364
1421
1325
1317
1334
1324
1395
1333
1325
1360
1366
1336
1330
1310
1354
1366
1285
1354
1343
1314
1304
1370
1296
1350
1366
1288
1236
1441
1266
1296
1379
1337
1290
1275
1296
1335
1296
1272
1355
1372
1358
1339
1367
1277
1282
1251
1326
1357
1335
1335
1336
1306
1280
1275
1310
1357
1244
1360
1280
1291
1287
1303
1314
1284
1332
1316
1365
1371
1327
1366
1252
1322
1328
1291
1303
1311
1266
1268
1315
1360
1315
1313
1314
1285
1372
1385
1314
1215
1325
1298
1252
1309
1322
1349
1236
1215
1344
1299
1283
1337
1311
1318
1305
1224
1312
1270
1309
1314
1262
1267
1220
1318
1324
1271
1343
1308
1271
1267
1345
1294
1268
1256
1299
1308
1299
1235
1288
1317
1256
1282
1339
1260
1238
1298
1239
1334
1281
1262
1333
1234
1305
1223
1291
1336
1363
1275
1286
1318
1236
1263
1297
1301
1341
1310
1320
1278
1234
1251
1283
1256
1301
1265
1321
1336
1277
1292
1299
1312
1325
1314
1304
1289
1315
1280
1254
1286
1252
1278
1284
1335
1329
1314
1346
1279
1330
1272
1338
1349
1295
1323
1315
1327
1327
1279
1275
1269
1279
1309
1355
1293
1305
1266
1266
1299
1318
1294
1290
1317
1313
1273
1299
1326
1265
1283
1318
1281
1362
1327
1243
1228
1329
1358
1312
1266
1278
1342
1461
1296
1295
1288
1322
1237
1296
1265
1383
1291
1297
1381
1283
1272
1311
1264
1292
1357
1302
1292
1352
1307
1362
1287
1316
1333
1377
1366
1284
1391
1303
1243
1329
1298
1296
1324
1299
1374
1317
1293
1362
1330
1253
1322
1379
1364
1393
1288
1345
1269
1324
1290
1358
1409
1311
1317
1298
1312
1288
1421
1348
1299
1323
1286
1247
1392
1307
1234
1298
1366
1271
1314
1339
1261
1347
1320
1338
1273
1274
1330
1254
1322
1359
1288
1303
1323
1331
1338
1230
1314
1317
1322
1357
1317
1294
1303
1237
1315
1291
1273
1247
1312
1300
1229
1300
1300
1237
1191
1305
1236
1327
1256
1261
1237
1269
1239
1309
1308
1281
1262
1309
1248
1241
1309
1219
1238
1235
1285
1284
1259
1276
1205
1263
1210
1241
1257
1249
1190
1263
1188
1234
1207
1196
1228
1245
1208
1181
1143
1176
1183
1224
1147
1220
1141
1224
1209
1216
1125
1141
1191
1225
1167
1135
1138
1159
1131
1235
1164
1074
1125
1145
1149
1119
1131
1124
1169
1095
1146
1132
1168
1095
1083
1137
1125
1110
1076
1109
1102
1110
1127
1120
1122
1025
1009
1053
1114
1039
1036
1077
1063
1116
1038
1078
1009
1071
1039
1055
1032
1012
1032
1020
971
1020
1008
961
1026
981
1035
976
1001
996
986
1003
965
1049
1014
1014
970
955
939
911
974
940
955
975
937
956
968
936
964
941
932
896
928
918
922
937
922
900
817
946
872
869
889
868
890
856
875
864
882
864
879
882
876
856
824
872
858
871
789
885
812
866
772
865
806
817
801
767
804
799
770
777
796
763
819
813
787
783
816
733
747
772
783
790
784
771
788
699
760
736
755
733
745
723
728
782
760
740
706
742
709
726
706
754
695
690
745
735
721
762
698
691
698
682
712
679
761
708
715
699
682
721
646
670
654
728
671
724
693
687
640
649
675
723
680
732
670
647
644
648
672
688
659
651
653
661
658
650
650
606
655
624
660
687
649
613
655
618
639
619
626
613
637
689
635
607
687
630
619
653
562
590
656
638
583
614
641
608
592
611
624
583
630
603
587
577
601
576
543
626
603
618
564
610
585
604
591
602
592
623
602
596
606
630
648
553
575
588
589
614
561
562
613
639
598
562
585
579
573
566
591
557
556
576
582
570
584
604
593
533
617
581
558
562
531
558
550
580
548
542
567
554
583
562
564
541
530
566
534
574
552
519
598
531
552
561
576
578
559
580
565
525
574
565
549
574
540
546
515
593
515
530
525
529
542
545
552
558
557
535
577
520
546
519
521
508
475
536
531
548
551
553
524
525
496
510
526
542
541
530
570
555
551
554
490
521
547
511
490
558
509
522
536
518
540
538
521
512
556
549
540
512
484
500
539
552
513
526
540
499
562
541
482
531
524
522
521
507
534
508
533
475
553
512
529
522
494
559
501
516
512
538
472
506
557
503
511
497
549
503
499
486
505
514
540
558
465
519
563
525
546
505
515
508
520
508
516
497
531
479
505
494
486
478
516
485
459
511
519
503
485
512
511
507
450
498
553
491
506
524
490
525
478
518
477
511
534
507
537
527
508
521
477
531
497
529
533
518
538
515
480
527
520
525
563
520
504
510
512
561
530
525
541
519
541
483
515
506
547
520
509
508
487
570
560
521
492
526
474
525
533
494
543
526
535
493
526
491
483
576
542
516
562
522
536
530
513
499
506
506
518
543
556
526
585
540
559
561
527
540
580
552
502
562
535
534
514
532
560
528
521
560
541
538
497
534
556
542
510
514
479
527
533
528
570
550
571
568
536
595
555
571
542
617
598
523
570
555
548
563
551
525
603
576
558
567
580
590
579
575
605
611
590
558
598
599
573
571
557
603
622
623
624
606
611
616
589
638
625
612
636
601
649
618
642
591
666
650
646
666
644
691
611
625
710
684
658
697
679
715
689
693
649
709
676
771
704
773
676
708
763
734
749
742
779
757
789
791
845
753
778
775
770
794
804
769
810
846
844
836
896
827
873
878
874
933
863
895
887
888
931
905
894
1020
932
940
1006
974
1026
1009
952
1028
1041
1070
1069
1031
1109
1033
1104
1050
1133
1171
1152
1123
1199
1218
1217
1207
1205
1257
1279
1203
1278
1311
1281
1313
1310
1317
1296
1449
1466
1451
1434
1509
1467
1552
1471
1465
1566
1581
1568
1593
1673
1688
1715
1698
1673
1654
1814
1818
1777
1783
1859
1860
1859
1852
1975
2023
1965
2035
1953
1971
2013
2115
2094
2088
2072
2118
2078
2169
2289
2239
2261
2331
2349
2363
2389
2452
2441
2452
2458
2495
2477
2496
2582
2636
2563
2665
2730
2669
2841
2678
2819
2893
2852
2833
2932
3001
2956
2944
2989
3097
3073
3105
2976
3139
3197
3145
3131
3210
3366
3299
3257
3369
3330
3353
3307
3459
3561
3532
3529
3654
3578
3573
3564
3669
3579
3778
3680
3754
3797
3852
3728
3866
3902
3989
3963
3966
4037
4073
4045
4167
4103
4179
4091
4187
4172
4211
4228
4118
4266
4241
4284
4334
4466
4243
4395
4372
4350
4399
4524
4466
4414
4531
4544
4537
4491
4467
4603
4488
4636
4617
4546
4598
4540
4662
4692
4535
4771
4584
4738
4760
4716
4630
4598
4770
4642
4704
4694
4818
4679
4720
4689
4774
4671
4759
4765
4671
4801
4769
4777
4766
4710
4693
4714
4617
4805
4687
4737
4737
4792
4713
4811
4887
4662
4659
4666
4642
4627
4610
4640
4708
4649
4653
4638
4609
4501
4588
4639
4377
4512
4490
4367
4482
4424
4413
4491
4321
4325
4430
4321
4381
4256
4408
4332
4372
4238
4186
4205
4171
4258
4104
4154
4065
4153
4127
4004
4036
3866
3947
3894
4045
3832
3928
3891
3798
3755
3893
3715
3735
3663
3631
3589
3603
3631
3563
3563
3531
3505
3534
3342
3451
3394
3419
3269
3285
3235
3108
3280
3172
3170
3181
3166
3089
2934
2974
3061
3017
3069
2951
2918
2786
2819
2886
2784
2839
2735
2736
2687
2606
2684
2618
2593
2504
2577
2505
2532
2487
2363
2409
2429
2328
2233
2293
2200
2248
2181
2191
2303
2030
2133
2079
1994
2039
1982
2040
1965
1953
1949
1911
1841
1945
1794
1887
1774
1784
1810
1714
1734
1660
1663
1628
1616
1627
1564
1581
1559
1513
1538
1494
1456
1391
1367
1381
1349
1371
1329
1401
1337
1312
1263
1240
1231
1220
1264
1189
1149
1137
1153
1132
1165
1110
1034
1055
1031
1023
1029
1032
1009
975
999
922
872
913
904
912
913
901
897
879
872
849
852
767
818
771
796
811
772
801
768
756
743
704
724
723
722
713
694
685
668
639
654
634
618
626
677
600
607
596
612
610
591
530
563
564
587
591
551
556
584
576
551
548
518
554
494
502
540
522
521
496
486
465
473
476
493
491
498
456
467
475
503
467
434
442
468
478
424
454
420
442
446
444
435
424
401
444
433
399
403
380
407
406
398
433
406
412
401
423
350
382
402
415
405
371
370
404
401
362
367
332
412
411
366
364
409
412
366
408
407
354
371
362
385
362
369
348
384
379
401
360
352
375
372
391
361
338
395
357
335
390
385
340
352
362
367
344
360
347
354
380
354
369
344
366
368
341
351
356
333
378
365
302
352
401
351
361
349
354
325
323
333
355
347
388
328
345
347
354
363
351
343
334
358
330
342
375
357
301
373
317
339
347
380
357
341
365
334
345
345
347
342
323
335
351
340
364
354
353
327
352
320
359
322
327
334
357
361
351
330
331
327
333
340
315
347
359
353
315
329
363
341
362
340
334
354
375
324
329
319
323
339
340
384
370
354
339
328
368
354
372
339
354
344
330
323
331
361
332
322
333
307
328
330
352
319
310
345
315
358
345
308
317
332
358
298
360
330
323
320
334
343
330
314
318
322
316
328
347
300
342
341
330
338
346
359
342
330
353
351
357
312
328
325
292
330
329
330
318
322
330
327
326
327
360
349
343
331
311
344
323
339
301
328
310
334
302
317
367
360
346
332
325
312
340
327
334
297
340
336
339
326
327
330
311
328
334
320
287
333
329
325
333
333
354
343
346
304
316
292
358
283
352
316
317
310
311
331
363
348
334
336
336
311
325
320
320
335
313
337
328
307
322
313
337
324
304
321
327
311
324
308
297
307
318
325
333
330
303
301
309
306
314
309
319
299
326
334
318
322
327
311
315
286
332
339
321
325
309
334
327
301
330
339
312
326
337
369
325
311
329
313
330
305
305
313
305
302
325
300
316
330
334
308
308
340
307
304
351
316
314
332
295
291
285
306
331
317
302
288
304
328
337
306
325
306
316
346
321
315
314
313
309
328
327
324
322
316
289
304
325
343
314
315
296
330
330
314
326
320
332
333
323
314
319
325
294
269
307
341
329
328
315
304
307
320
301
324
312
292
301
309
355
338
300
314
311
315
309
326
341
303
319
319
348
316
322
351
306
341
296
344
348
290
302
328
344
325
322
293
314
295
328
303
309
322
343
305
313
343
319
316
327
348
317
335
320
318
295
350
334
307
317
332
305
308
303
292
344
339
322
317
318
288
337
313
328
314
343
336
320
313
323
334
351
309
296
313
309
294
317
336
320
346
318
353
337
349
280
311
325
323
322
316
331
305
311
297
321
293
312
322
322
360
307
334
326
319
319
349
352
322
315
312
319
300
342
334
332
314
333
342
350
341
303
324
340
344
336
347
314
324
298
334
348
372
340
327
361
310
342
366
333
344
315
342
318
328
292
321
295
315
309
307
346
299
312
352
330
316
306
340
323
378
331
321
317
332
337
337
358
356
314
356
340
333
324
289
315
332
346
311
283
323
323
311
306
314
287
327
311
333
283
324
303
331
311
290
299
333
311
298
331
327
349
301
295
293
289
314
326
309
312
275
318
321
307
327
336
325
307
311
327
311
318
297
299
331
303
329
287
279
310
329
285
321
313
281
303
306
319
328
299
327
305
323
288
281
288
312
301
316
259
299
318
312
281
329
313
284
305
293
312
317
308
285
296
301
296
310
310
289
295
313
261
330
313
295
319
303
294
279
293
310
303
311
285
284
283
309
282
332
317
279
299
306
305
295
272
306
321
306
299
332
263
270
271
299
316
298
293
304
279
278
313
319
286
285
293
315
309
301
279
279
298
307
288
274
293
309
284
291
296
322
309
284
315
284
323
309
294
280
288
282
301
311
290
317
298
267
306
266
280
286
248
277
282
279
308
291
286
277
289
268
286
325
268
301
289
313
284
284
289
292
314
296
320
283
290
304
292
285
272
279
282
266
304
284
294
289
302
301
273
303
288
286
320
258
323
298
272
289
274
300
269
293
309
305
281
290
301
297
288
296
262
305
281
276
286
286
323
305
263
256
310
309
253
293
295
258
272
269
286
267
280
281
286
278
311
292
260
296
259
290
270
262
283
282
304
291
287
278
254
272
246
264
283
308
281
271
299
269
289
258
291
299
298
294
267
270
303
276
280
275
309
299
267
273
295
279
291
257
262
283
296
275
267
291
290
281
270
295
291
280
255
277
272
273
298
301
270
289
290
283
279
303
279
261
283
266
302
271
304
284
272
274
273
284
260
270
254
268
265
284
278
302
284
265
284
265
267
285
249
270
286
278
286
291
281
259
273
281
256
270
268
265
297
276
253
306
281
295
259
277
280
269
286
280
284
250
301
288
265
295
268
235
269
291
269
284
272
279
290
258
258
290
254
263
285
251
269
272
253
277
270
274
273
285
278
289
283
274
263
285
285
283
264
265
255
270
282
300
300
294
278
294
267
276
289
296
279
301
292
264
271
295
266
251
276
262
296
277
278
274
268
283
255
264
265
272
292
250
250
268
268
246
279
276
254
276
280
255
269
274
275
246
275
250
279
288
276
279
264
271
301
271
289
284
265
256
271
298
284
267
254
266
261
268
269
282
272
274
272
252
251
253
245
282
260
268
253
265
256
283
283
272
280
274
253
253
255
253
260
272
283
282
285
250
294
257
249
250
261
306
283
253
265
277
276
260
290
264
260
273
268
256
276
257
245
237
265
272
274
274
267
278
259
289
270
267
284
265
255
268
297
290
272
281
273
287
252
268
292
280
276
285
253
252
278
276
254
240
281
277
248
296
273
288
255
244
258
294
277
270
290
260
282
255
287
274
275
262
268
259
241
248
296
273
266
258
280
252
250
286
301
257
257
300
270
265
254
257
257
264
261
278
295
249
269
235
278
272
260
274
296
259
282
264
272
271
263
267
260
253
251
253
270
287
274
263
265
260
266
265
268
247
263
257
282
266
247
247
273
284
286
267
255
262
249
268
285
267
280
255
287
275
238
278
264
253
295
246
272
274
286
296
266
258
296
263
255
272
231
260
246
246
294
260
289
248
277
280
268
252
281
276
270
265
271
264
264
276
252
268
275
275
272
288
269
294
218
257
263
262
266
276
286
242
239
277
279
279
282
267
269
266
313
275
296
232
307
262
271
263
266
275
286
290
269
291
247
289
267
267
280
279
273
228
242
293
283
239
279
274
293
272
253
289
273
262
288
268
282
255
252
281
274
267
245
294
285
247
266
287
267
302
309
272
283
277
275
261
286
285
280
230
280
259
260
285
271
288
289
312
296
297
277
238
275
260
264
270
277
301
271
282
289
290
278
273
286
295
297
278
305
299
269
261
281
281
275
261
273
288
277
296
272
271
281
259
275
279
289
277
273
300
276
252
293
283
304
325
243
284
309
294
298
271
271
275
294
256
298
293
274
287
291
292
274
279
285
283
274
299
294
292
292
302
279
271
307
282
279
299
288
291
314
287
293
281
293
296
326
294
287
281
259
298
271
280
260
287
272
294
301
309
264
312
280
294
281
261
291
277
282
273
275
300
291
285
269
282
316
280
274
265
320
297
277
305
265
266
276
288
293
287
261
287
283
284
327
303
259
289
307
294
262
300
286
303
285
287
308
271
307
275
291
282
302
303
280
311
316
273
273
266
333
281
274
275
288
283
268
295
298
292
272
313
270
272
299
276
272
265
289
260
283
310
274
296
294
284
251
282
260
263
300
296
256
302
284
272
317
278
302
263
284
282
277
251
282
255
312
301
332
263
285
290
287
279
277
268
294
261
260
266
282
273
287
285
288
290
286
298
274
296
269
310
288
286
266
271
218
263
276
277
286
284
287
275
272
297
280
268
266
271
272
267
269
266
265
289
286
254
266
256
260
256
269
251
270
293
283
230
269
289
264
268
268
268
258
262
272
267
273
260
259
279
248
254
265
279
297
284
262
288
248
261
292
277
262
280
271
255
246
248
277
240
246
240
279
260
264
255
290
252
254
286
264
265
267
243
263
247
246
249
243
270
267
243
278
277
243
269
275
269
279
261
296
255
257
296
235
250
259
248
273
254
254
251
262
268
279
272
251
257
247
243
244
230
270
248
300
268
235
263
265
281
265
293
261
267
267
263
285
251
253
262
264
287
263
280
258
252
286
264
272
279
275
226
279
227
243
279
281
250
249
294
255
241
251
270
251
268
265
260
271
283
283
256
274
232
261
266
255
281
234
267
277
246
257
273
250
290
244
256
287
266
264
243
265
236
237
261
274
217
244
262
241
245
238
244
250
259
255
252
236
271
253
250
254
276
257
269
241
270
289
263
266
249
255
253
262
237
264
245
259
286
271
257
261
280
245
252
286
291
279
303
283
225
280
279
283
236
263
257
264
282
277
248
262
272
279
268
247
275
244
238
288
282
260
257
273
281
232
287
212
252
248
257
244
249
270
270
300
263
286
274
245
260
283
273
256
271
284
275
254
266
283
275
258
226
251
258
277
275
271
269
268
295
273
235
283
268
272
277
293
264
256
273
241
281
288
264
275
267
288
257
285
258
284
258
282
260
249
287
265
254
249
263
296
286
247
226
265
273
267
280
260
300
266
281
271
241
273
269
276
273
273
270
290
281
258
267
275
287
272
277
259
303
248
266
267
259
265
256
269
274
277
277
253
238
268
242
275
272
285
253
271
283
229
269
267
273
278
270
253
263
269
262
257
259
261
282
248
264
253
281
255
283
275
244
247
288
268
272
255
250
276
299
302
257
285
283
290
249
275
261
270
274
274
262
266
273
279
295
285
274
256
259
284
265
267
260
270
297
242
271
270
272
281
231
249
270
275
265
270
247
270
263
256
267
265
262
273
264
280
297
247
261
263
258
284
280
275
308
272
265
268
277
258
262
269
255
250
288
295
275
283
262
280
273
257
273
255
292
283
264
284
253
283
285
279
265
286
260
266
250
242
265
261
245
278
288
264
257
271
297
268
246
271
290
245
275
278
292
272
245
282
259
267
271
282
274
267
261
278
272
255
254
280
274
258
278
294
263
267
266
261
248
257
277
280
296
252
254
250
277
269
261
284
272
285
286
263
270
258
263
260
274
268
255
280
269
245
294
279
274
262
258
282
271
233
249
265
283
258
272
240
267
279
265
268
300
264
241
269
260
257
284
224
268
244
260
247
258
269
255
284
279
228
282
253
265
254
254
256
276
256
282
281
236
255
268
244
228
256
294
236
238
243
278
251
257
267
267
254
276
250
246
278
252
273
237
260
242
265
240
269
243
230
257
256
260
281
251
270
227
275
240
247
262
228
242
249
243
252
262
254
221
241
269
241
224
231
251
255
252
253
276
237
266
269
244
263
233
210
249
220
255
247
243
245
227
226
238
218
233
243
242
233
234
249
217
241
259
216
241
241
271
237
247
228
245
200
244
268
254
231
236
228
185
232
248
248
229
232
247
274
223
225
240
238
263
249
238
251
243
231
238
232
277
208
225
223
216
218
216
237
242
259
227
241
246
199
231
238
242
224
239
242
243
226
222
225
223
238
240
230
228
240
212
216
221
224
220
215
221
240
228
214
223
224
218
232
222
232
199
259
223
200
232
233
219
213
204
203
227
262
232
226
228
233
204
188
218
226
221
214
221
229
223
224
207
221
220
205
207
237
199
200
202
206
196
195
212
203
207
193
179
217
218
223
192
210
209
207
241
227
200
197
225
202
205
225
207
211
196
239
211
200
201
230
205
216
217
236
215
194
215
221
183
217
197
192
200
195
199
197
208
222
200
187
209
194
198
217
231
208
197
179
213
189
205
208
193
188
188
200
182
182
221
230
226
191
179
216
208
188
174
185
180
200
186
199
184
194
213
189
209
192
193
185
188
192
170
163
184
195
205
178
193
187
168
214
169
189
191
181
188
181
199
183
176
203
208
193
192
203
185
218
172
184
196
213
201
189
195
174
203
180
182
195
194
208
200
174
199
179
185
208
215
195
162
197
202
197
198
173
197
188
183
204
211
197
187
203
200
205
194
184
196
197
189
188
176
189
190
193
196
156
180
205
206
184
192
193
176
183
190
201
174
186
204
187
190
157
153
192
182
171
190
176
198
194
171
181
187
201
187
183
166
177
171
196
191
180
210
189
169
161
180
191
184
187
186
162
203
188
166
171
187
172
187
190
179
177
170
168
178
152
169
161
173
164
194
186
185
166
205
180
177
174
175
184
196
179
180
186
163
174
183
179
168
175
148
172
178
169
176
186
182
185
180
165
171
171
174
148
170
154
183
155
176
173
180
156
178
183
183
185
165
134
155
167
140
169
154
181
187
154
171
177
178
161
155
146
163
150
156
159
146
178
155
169
144
161
151
145
168
165
158
152
154
167
177
172
164
162
172
160
153
178
155
164
139
171
177
145
184
170
171
135
174
166
174
144
160
153
160
155
163
147
159
163
159
150
159
136
188
153
142
175
151
151
164
156
159
161
156
162
162
158
146
161
164
161
151
143
157
133
175
137
125
139
153
165
134
138
153
166
151
130
143
147
140
149
157
163
149
171
151
154
157
147
125
138
144
139
149
158
154
129
158
159
134
123
146
159
147
147
146
141
127
137
139
156
142
145
161
130
126
131
131
152
158
131
131
148
142
138
137
137
162
131
140
137
147
136
139
117
144
150
149
154
139
129
150
125
153
142
159
153
133
141
148
126
135
131
124
125
137
164
152
149
133
137
138
164
134
150
141
138
144
142
140
155
140
149
147
131
141
161
142
150
150
148
150
130
135
145
149
154
155
145
165
126
132
129
121
133
137
162
147
139
153
146
155
152
130
139
152
139
164
142
138
131
124
144
156
150
158
148
157
145
137
139
145
158
132
128
150
139
135
158
143
143
124
141
140
150
143
167
146
163
147
140
139
141
126
164
157
138
137
144
155
130
128
147
150
152
137
162
145
128
164
160
144
150
163
161
149
166
170
164
146
152
158
181
133
148
160
159
135
157
160
146
168
142
131
165
136
152
169
132
155
150
150
185
171
163
160
147
154
161
142
146
151
170
149
172
183
180
133
185
173
162
170
186
157
150
171
162
153
183
167
163
160
171
174
179
162
157
172
170
182
193
155
165
164
172
179
170
177
200
166
145
180
158
168
206
193
187
171
178
175
166
182
169
220
209
204
169
192
207
173
182
183
189
188
205
197
197
221
196
212
196
224
208
186
196
214
204
196
193
220
208
202
220
243
213
210
214
230
219
224
201
229
253
242
217
235
207
238
230
233
236
248
267
246
230
246
266
242
243
241
251
238
246
242
254
235
256
256
259
277
263
274
253
300
288
279
256
275
279
253
312
298
304
294
255
282
302
314
286
296
311
287
283
286
290
315
307
297
315
334
325
371
308
346
326
343
320
323
340
316
323
341
330
348
375
357
369
321
367
325
337
375
354
340
352
354
398
332
339
386
364
371
371
357
377
372
410
381
387
385
397
363
406
406
388
386
397
380
395
396
379
409
406
389
433
421
443
395
428
410
406
390
416
433
414
424
438
442
450
433
458
447
439
464
420
493
444
424
457
481
454
489
459
445
453
493
444
436
467
507
473
483
441
473
474
500
450
472
481
531
474
471
525
496
509
471
481
524
472
493
484
497
501
441
470
498
466
467
501
474
487
495
501
492
488
457
475
525
526
500
494
511
552
473
486
506
495
477
452
467
495
501
535
467
482
519
486
494
491
503
479
561
465
499
505
507
465
466
501
467
487
502
495
506
511
461
475
492
479
512
489
510
452
489
464
526
491
517
524
499
464
510
486
510
473
474
452
463
495
469
430
447
465
495
502
442
477
532
454
447
461
458
444
461
461
467
474
437
490
423
414
433
464
437
410
451
466
460
494
465
468
440
419
456
440
454
447
461
424
403
412
431
416
424
421
399
415
402
395
434
402
430
400
391
385
385
386
405
369
414
407
390
425
388
404
386
361
403
367
352
366
380
374
380
356
378
336
377
394
384
361
369
393
362
367
315
355
314
329
391
330
330
336
360
328
299
306
329
304
287
320
310
309
292
279
337
319
286
300
260
282
303
274
286
299
303
299
287
271
291
309
277
302
262
262
254
252
259
258
249
278
228
258
230
250
243
270
282
263
251
261
245
238
235
227
234
234
235
219
232
227
216
229
203
222
203
216
213
212
235
211
210
207
223
225
204
216
205
187
222
175
209
187
208
201
203
217
162
204
175
178
184
171
181
180
172
189
178
175
177
157
173
189
165
147
147
173
187
168
176
162
155
163
141
155
176
155
156
146
125
174
145
169
132
135
134
158
140
146
137
145
126
130
137
134
132
124
141
113
134
123
150
133
131
129
135
134
112
108
115
116
139
132
120
119
132
122
134
110
108
108
126
129
123
127
106
119
115
104
112
110
110
119
115
104
99
108
109
99
95
111
98
99
110
106
105
117
100
100
88
83
85
105
111
117
68
59
105
99
92
117
77
89
87
94
88
110
99
91
91
89
89
95
81
87
82
107
87
91
82
100
93
86
77
87
92
82
68
74
91
70
84
80
83
85
76
85
75
82
77
77
79
101
84
63
84
69
63
82
91
86
72
73
68
62
69
70
59
81
86
72
75
87
78
78
82
63
79
71
70
79
82
52
76
67
69
61
78
83
65
63
69
71
65
82
80
60
60
60
67
90
73
84
56
67
67
63
74
74
70
60
62
65
64
60
61
55
68
77
52
68
65
57
70
64
54
53
59
66
58
61
67
70
76
70
84
50
67
74
67
57
55
60
51
51
82
60
57
61
57
53
60
50
58
45
66
68
55
73
74
60
63
70
54
71
63
68
55
58
68
54
59
62
56
68
72
62
47
63
61
61
58
61
65
51
64
55
73
53
59
45
52
55
53
58
54
62
50
50
51
52
68
43
64
60
44
57
65
53
60
50
62
50
62
62
58
52
51
75
77
66
48
62
64
58
62
64
70
63
52
59
56
46
58
53
65
49
57
66
51
55
59
49
45
58
58
49
50
46
63
40
69
60
45
71
61
57
61
57
50
62
63
69
49
62
60
55
60
62
62
74
52
57
59
47
45
46
48
40
55
64
56
49
49
63
60
57
59
54
60
68
57
64
50
61
55
63
57
55
47
47
64
56
51
54
55
61
53
57
58
53
53
60
45
61
47
64
59
54
53
55
61
65
48
46
63
43
62
44
58
60
68
53
53
51
54
56
56
56
64
68
69
54
52
56
51
61
58
57
46
64
53
59
51
42
47
53
61
71
63
64
68
40
42
47
49
40
55
68
68
54
58
79
57
52
51
58
55
60
64
63
64
55
50
83
57
52
66
80
57
61
77
67
58
57
55
57
68
66
61
58
71
83
78
62
69
72
66
68
57
71
67
68
72
74
56
71
72
58
69
67
76
72
76
81
82
86
88
74
83
89
87
82
69
82
83
91
86
82
83
93
103
90
80
86
106
82
88
87
75
76
104
111
90
93
83
103
96
102
90
101
87
115
80
85
88
105
110
94
85
114
114
126
102
109
106
126
96
117
115
114
101
125
135
108
114
140
121
142
133
129
136
117
138
133
126
127
133
129
155
117
117
146
124
137
119
140
106
148
145
147
141
141
155
155
127
139
164
161
159
153
158
150
175
159
170
151
168
156
168
172
130
164
133
172
136
181
180
161
174
161
169
193
166
173
192
175
219
178
177
206
178
184
181
210
204
219
194
213
188
207
178
216
192
208
208
211
218
229
199
213
224
229
233
234
213
195
233
218
228
236
216
221
209
221
228
209
212
220
206
259
262
239
193
233
244
220
251
205
242
226
229
223
261
229
233
215
234
231
226
245
221
265
232
232
245
265
257
229
243
238
242
266
219
214
279
273
235
232
249
260
234
241
253
261
236
242
265
234
268
245
211
260
254
245
210
240
261
256
248
262
243
251
241
238
250
263
249
272
229
237
234
219
247
215
234
260
258
221
258
232
258
266
225
238
215
267
209
233
256
249
235
232
225
252
249
215
223
201
238
207
238
210
237
230
211
227
229
225
231
196
205
221
218
212
247
209
235
199
205
201
207
229
230
188
215
179
184
198
199
206
217
204
187
181
169
177
197
191
202
168
188
193
173
191
206
161
170
189
163
169
185
174
152
170
175
139
180
181
156
150
172
175
147
148
176
160
143
153
167
153
172
154
157
135
140
153
135
132
135
150
129
142
135
134
139
137
162
126
135
161
151
148
133
129
128
121
135
128
120
116
123
125
119
93
115
122
109
119
100
115
77
115
129
108
109
97
