       0
       0
       0
       0
       0
       0
       0
       0
       0
       0
       0
       0
       0
       0
       0
       0
       0
       0
       0
       0
       0
       0
      28
     673
     811
     815
     792
     719
     758
     772
     748
     828
     822
     886
     964
     983
    1048
    1126
    1165
    1242
    1320
    1351
    1409
    1529
    1476
    1598
    1659
    1717
    1737
    1722
    1811
    1773
    1844
    1861
    1828
    1855
    1907
    1998
    1967
    1936
    1969
    2009
    1947
    1992
    1997
    2002
    1966
    1869
    1942
    1985
    1888
    1966
    1978
    1907
    1938
    1877
    1829
    1817
    1889
    1802
    1827
    1782
    1773
    1702
    1790
    1708
    1690
    1682
    1639
    1688
    1659
    1606
    1637
    1678
    1521
    1566
    1505
    1565
    1446
    1481
    1458
    1473
    1444
    1418
    1382
    1352
    1335
    1393
    1296
    1391
    1289
    1314
    1266
    1258
    1277
    1221
    1275
    1303
    1202
    1156
    1175
    1176
    1162
    1165
    1127
    1172
    1118
    1169
    1218
    1136
    1163
    1058
    1099
    1078
    1049
    1082
    1034
    1038
    1071
    1003
    1081
    1020
    1023
     940
    1003
     962
     953
     929
     885
     973
     975
     900
     927
     920
     915
     894
     845
     856
     819
     860
     850
     806
     851
     776
     858
     859
     826
     753
     763
     783
     766
     760
     735
     824
     716
     753
     714
     707
     694
     704
     687
     686
     640
     721
     645
     635
     669
     646
     638
     623
     630
     612
     598
     596
     603
     594
     624
     614
     584
     537
     566
     619
     603
     581
     554
     558
     539
     516
     559
     558
     559
     590
     497
     583
     531
     561
     522
     549
     491
     540
     489
     542
     521
     490
     509
     504
     553
     501
     492
     490
     520
     483
     456
     439
     471
     427
     467
     462
     418
     452
     421
     417
     431
     380
     405
     433
     422
     406
     397
     389
     381
     390
     388
     363
     348
     389
     372
     376
     355
     371
     368
     342
     342
     350
     333
     394
     344
     386
     389
     366
     388
     353
     354
     349
     381
     385
     384
     360
     394
     403
     383
     412
     378
     363
     395
     363
     419
     427
     427
     412
     422
     423
     419
     439
     440
     430
     473
     439
     443
     426
     423
     421
     456
     470
     421
     421
     448
     401
     384
     415
     386
     418
     362
     400
     364
     376
     366
     386
     358
     368
     355
     381
     378
     392
     406
     406
     414
     444
     489
     469
     512
     531
     531
     550
     588
     630
     623
     665
     723
     755
     809
     852
     918
     984
     960
    1024
    1048
    1146
    1257
    1178
    1281
    1241
    1347
    1370
    1300
    1358
    1429
    1446
    1462
    1390
    1409
    1455
    1415
    1316
    1402
    1327
    1333
    1163
    1248
    1129
    1132
    1087
     971
     878
     870
     839
     716
     703
     649
     615
     534
     541
     511
     429
     388
     413
     355
     302
     302
     310
     260
     246
     217
     223
     216
     242
     189
     183
     197
     177
     172
     143
     161
     178
     171
     174
     156
     164
     165
     192
     162
     147
     158
     154
     148
     141
     167
     149
     167
     138
     156
     157
     132
     148
     137
     147
     151
     131
     125
     138
     138
     131
     132
     138
     128
     141
     113
     112
     132
     138
     117
     126
     129
     125
     123
     121
     116
     115
     128
     116
     124
     126
     119
     106
     105
     120
     101
     114
     112
      99
     125
      98
     128
     125
     107
     127
     112
     121
      88
      95
     108
     112
      95
     101
     108
     107
     104
     121
     110
     117
     109
     106
      98
     110
      95
     108
     119
      92
      92
     106
      97
     100
     117
     120
     111
     109
     112
     101
      97
      99
     122
     107
     102
     114
      96
      87
     100
     103
     117
     107
     102
      96
     107
     110
     103
     112
     100
     109
      96
      84
     109
     109
      92
      95
     106
     114
      97
     109
     111
      98
      93
      92
      98
      79
      93
     116
     105
      82
     114
      95
      91
     109
     106
     104
      99
     101
      95
      95
      91
      99
      98
      83
     107
     105
     104
      76
      76
      97
      90
      96
     110
      92
     101
      80
      95
      80
      82
      85
      87
     106
      98
      90
      97
      92
     110
      92
      81
      86
     101
      86
      96
      84
      82
      89
      90
      92
      86
      83
      91
      96
      85
      88
      89
      84
      93
      90
      95
      77
      89
      95
     103
      95
      91
      99
      90
      71
      73
      85
      79
      82
      86
      76
      86
      89
      85
      74
      81
      88
      97
      90
      95
      90
      90
      97
      88
      94
      87
      71
     102
      93
      84
      82
      90
      85
      90
      89
      90
      96
      84
      85
      84
     102
      93
      84
      86
      88
      67
      94
      94
      99
      68
      90
     105
      84
      99
      76
      92
      85
      95
      78
      97
     110
      81
     109
      76
      79
      91
      86
      90
      94
      88
      87
      88
     108
      87
      86
      93
      85
      79
      95
      65
      81
      79
     104
      83
      89
     113
      87
      81
      76
      82
      94
      77
      80
      96
      75
      77
      97
      97
      82
      87
      94
      96
     104
      91
      89
      76
      71
      86
     102
     107
      75
      99
      76
      66
      72
      97
      93
      78
      78
      76
      70
      80
      87
      68
      80
      72
      67
      75
      65
      85
      58
      88
      81
      84
      76
      78
      81
      79
      66
      73
      71
      69
      77
      64
      70
      56
      55
      59
      66
      53
      65
      52
      67
      57
      50
      50
      68
      53
      59
      59
      48
      57
      47
      64
      65
      52
      44
      56
      52
      49
      46
      54
      52
      58
      40
      52
      42
      47
      55
      71
      46
      51
      51
      65
      39
      41
      55
      52
      52
      55
      56
      67
      51
      55
      65
      60
      57
      60
      38
      52
      66
      63
      46
      59
      67
      54
      61
      55
      80
      61
      76
      51
      85
      68
      86
      70
      71
      85
      73
      81
      76
      77
      72
      87
      88
      85
     102
      90
     101
     100
     110
     122
     127
     102
     124
     119
     121
     136
     133
     130
     134
     148
     159
     152
     148
     153
     149
     163
     164
     149
     142
     178
     167
     170
     165
     160
     177
     170
     200
     179
     176
     198
     160
     186
     186
     169
     148
     154
     169
     197
     143
     169
     166
     159
     155
     169
     173
     158
     166
     139
     168
     140
     130
     129
     120
     128
     133
     135
     138
      82
     128
     107
      92
      95
     109
      93
     106
      83
      91
      89
      74
      85
      75
      74
      77
      67
      83
      56
      54
      53
      58
      59
      52
      30
      48
      51
      44
      42
      42
      49
      55
      48
      40
      38
      45
      38
      35
      41
      49
      39
      42
      36
      46
      34
      34
      35
      45
      42
      40
      38
      43
      40
      30
      34
      33
      40
      37
      33
      32
      30
      38
      31
      34
      34
      38
      41
      21
      38
      32
      32
      38
      31
      30
      42
      26
      35
      32
      37
      48
      36
      41
      30
      38
      38
      42
      32
      31
      38
      46
      34
      30
      38
      33
      25
      47
      33
      38
      33
      41
      35
      32
      33
      38
      37
      34
      25
      32
      36
      31
      34
      43
      25
      34
      36
      27
      24
      26
      38
      28
      34
      29
      20
      22
      32
      27
      33
      30
      19
      21
      16
      14
      22
      24
      24
      23
      24
      22
      25
      17
      17
      22
      18
      23
      19
      22
      12
      16
      18
      21
      13
      14
      16
      16
      20
      15
       9
      18
      22
      16
      21
      19
      11
      14
      11
      13
      25
      15
      10
      13
      20
      13
      13
      16
      13
      13
      12
      15
      18
      12
      14
      17
      16
      15
      19
      15
      10
      12
      18
      11
      12
      12
      11
      11
       9
      12
      15
      21
       8
      18
       9
      12
      14
      14
       9
      15
      13
      21
      10
      14
       9
      14
       9
      11
      12
      11
      13
      17
      11
       9
       4
      12
       8
       9
      11
       7
      17
      10
       7
      12
      10
       8
       6
      12
      13
      10
      14
       7
       6
      10
       8
       9
       6
      12
       7
       5
       8
       7
      11
      11
       7
      11
       6
      12
      11
      12
       7
      14
      14
      16
       8
      10
       6
      13
      14
      11
      16
       9
       3
      12
       9
       7
      10
       5
       7
       9
       8
      13
      12
      14
      12
       8
      12
       7
      10
       9
       7
      12
      11
       8
      18
       9
      15
      10
       9
      11
      12
      12
       9
      11
      11
      10
       8
       9
      12
       8
      12
      15
      16
      12
      11
      15
      23
      12
      14
      13
      14
       8
      21
      13
      17
      16
      11
      11
      15
      14
      14
      18
       7
      13
      11
      14
      13
      11
      16
      12
      12
      12
       6
      15
      10
      16
      14
      10
      14
      12
      22
       8
       6
      10
      11
      10
      19
      13
      13
       8
      15
       9
      18
       8
       9
       9
      10
      10
       9
       9
      14
      11
       8
       7
      10
      12
       8
       4
       9
      11
       6
       7
       3
       7
       8
       5
       5
       8
       2
       4
       8
       7
       6
       5
       8
       5
      10
       4
      10
       6
       4
       3
       6
       4
       6
       3
       4
       7
       3
       6
       6
       5
       0
       3
       5
       5
       4
       4
       1
       3
       5
       4
       1
       4
       7
       7
       1
       6
       5
       4
       4
       6
       5
       7
       4
       5
       4
       4
       1
       2
       4
       1
       1
       6
       1
       4
       5
       1
       6
       5
       5
       3
       6
       3
       2
       4
       2
       8
       5
       5
       4
       2
       3
       5
       1
       3
       6
       2
       5
       2
       1
       2
       3
       2
       3
       2
       3
       1
       6
       2
       3
       4
       6
       5
       3
       4
       4
       6
       3
       2
       6
       6
       4
       3
       6
       2
       6
       7
       6
       7
       5
       1
       4
       7
       5
       4
       5
       5
       5
       2
       4
       8
       8
       6
       2
       2
       5
       2
       1
       6
       7
       6
       7
       1
       4
       4
       3
       2
       3
       4
       3
       2
       6
       5
       3
       5
       3
       5
       3
       3
       3
       6
       3
       4
       4
       5
       3
       4
       6
       3
       6
       6
       5
       9
       2
       2
       1
       4
       5
       5
       4
       2
       2
       1
       8
       9
       3
       3
       2
       5
       4
       3
       1
       3
       4
       3
       0
       5
       6
       1
       5
       7
       5
       8
       2
       2
       4
       6
       2
       1
       2
       3
       4
       3
       4
       2
       3
       3
       3
       4
       3
       6
       4
       4
       2
       3
       0
       5
       3
       2
       3
       2
       3
       3
       3
       2
       3
       5
       3
       2
       4
       2
       4
       2
       4
       4
       1
       1
       2
       1
       0
       1
       3
       2
       1
       1
       5
       1
       2
       4
       0
       1
       0
       2
       1
       2
       2
       1
       2
       3
       4
       2
       5
       7
       4
       2
       2
       2
       1
       1
       2
       0
       1
       2
       3
       1
       2
       3
       3
       3
       5
       1
       5
       3
       3
       0
       0
       3
       3
       1
       1
       0
       0
       2
       2
       3
       3
       3
       1
       1
       4
       3
       1
       2
       3
       2
       1
       1
       2
       1
       2
       2
       3
       2
       0
       0
       6
       0
       1
       2
       1
       1
       2
       0
       2
       1
       3
       2
       2
       5
       4
       2
       3
       1
       0
       1
       2
       3
       4
       0
       4
       2
       1
       2
       0
       3
       3
       0
       1
       1
       3
       2
       1
       3
       1
       2
       2
       2
       3
       2
       2
       0
       0
       3
       0
       3
       7
       3
       2
       3
       2
       4
       1
       0
       3
       2
       2
       1
       2
       5
       0
       0
       2
       0
       6
       4
       2
       3
       1
       0
       1
       3
       2
       2
       1
       4
       2
       3
       2
       3
       0
       2
       3
       3
       3
       1
       1
       2
       2
       5
       1
       2
       4
       4
       1
       3
       1
       3
       3
       5
       0
       2
       1
       3
       0
       1
       3
       4
       5
       1
       4
       3
       3
       3
       3
       0
       0
       5
       4
       3
       1
       2
       2
       6
       3
       4
       2
       3
       2
       5
       1
       7
       3
       2
       2
       4
       5
       3
       5
       3
       2
       1
       3
       5
       2
       2
       4
       6
       4
       1
       1
       4
       4
       2
       1
       4
       3
       3
       2
       5
       0
       2
       3
       1
       1
       3
       1
       1
       3
       0
       2
       1
       2
       4
       3
       1
       4
       1
       1
       4
       1
       2
       1
       2
       1
       1
       4
       0
       3
       1
       1
       4
       1
       2
       3
       2
       2
       4
       1
       1
       0
       0
       3
       1
       1
       1
       0
       1
       3
       1
       3
       1
       0
       3
       1
       0
       2
       2
       1
       0
       2
       1
       0
       0
       1
       2
       2
       2
       2
       0
       0
       1
       0
       0
       1
       1
       0
       0
       2
       0
       1
       0
       0
       0
       1
       1
       1
       1
       0
       0
       0
       1
       0
       0
       0
       0
       0
       1
       0
       1
       1
       2
       0
       0
       1
       0
       0
       1
       0
       0
       1
       0
       1
       0
       0
       0
       1
       0
       0
       0
       2
       1
       0
       1
       0
       0
       0
       0
       0
       0
       1
       0
       0
       0
       0
       0
       0
       0
       0
       0
       0
       0
       0
       0
       0
       0
       0
       2
       0
       1
       0
       1
       0
       1
       0
       0
       0
       0
       1
       0
       1
       0
       0
       1
       0
       0
       0
       0
       1
       1
       0
       0
       0
       0
       1
       0
       0
       0
       0
       1
       2
       0
       0
       0
       0
       0
       0
       0
       1
       0
       2
       0
       0
       2
       0
       0
       0
       0
       0
       0
       0
       0
       0
       0
       0
       0
       0
       0
       0
       0
       0
       0
       1
       0
       1
       3
       0
       0
       0
       0
       0
       0
       1
       0
       0
       2
       0
       0
       0
       0
       0
       0
       0
       1
       0
       0
       0
       0
       0
       0
       0
       0
       0
       0
       0
       2
       3
       0
       0
       0
       1
       0
       0
       0
       2
       0
       1
       1
       0
       1
       1
       2
       0
       0
       0
       1
       2
       0
       1
       0
       1
       0
       0
       0
       0
       0
       1
       0
       0
       0
       1
       0
       0
       0
       0
       0
       0
       0
       0
       0
       0
       0
